# lgbm_feature_names: num_tables,num_joins,query_depth,complexity_score,has_aggregates,has_group_by,has_order_by,has_limit,has_distinct,has_window_functions,has_outer_joins,estimated_join_complexity,has_subqueries,has_correlated_subqueries,has_large_tables,all_tables_small,has_complex_expressions,has_user_functions,has_text_operations,has_numeric_heavy_ops,num_aggregate_funcs,analytical_pattern,transactional_pattern,etl_pattern,command_type
# lgbm_version: v1.0.0
# lgbm_threshold: 0.000000
# lgbm_model_type: regression
# lgbm_target: log(pg_time/duck_time)
tree
version=v4
num_class=1
num_tree_per_iteration=1
label_index=0
max_feature_idx=24
objective=regression
feature_names=num_tables num_joins query_depth complexity_score has_aggregates has_group_by has_order_by has_limit has_distinct has_window_functions has_outer_joins estimated_join_complexity has_subqueries has_correlated_subqueries has_large_tables all_tables_small has_complex_expressions has_user_functions has_text_operations has_numeric_heavy_ops num_aggregate_funcs analytical_pattern transactional_pattern etl_pattern command_type
feature_infos=[1:5] [0:4] [0:5] [0:8] [0:1] [0:1] [0:1] [0:1] none none [0:1] [0:8] none none none none none none [0:1] [0:1] [0:6] [0:1] [0:1] none none
tree_sizes=1838 1920 2118 1922 2126 1718 2251 2248 2045 2242 2233 2245 2251 2148 1932 1619 2026 2020 1912 1719 1938 1924 1930 1720 1929 1935 2126 2048 1755 2151 2147 2055 2153 1942 2064

Tree=0
num_leaves=17
num_cat=0
split_feature=20 21 3 20 3 0 3 20 3 3 18 3 3 6 3 5
split_gain=106.476 70.6199 49.1318 44.387 37.8984 29.9723 24.9456 16.169 17.9496 6.48174 5.2634 3.10014 4.29115 0.770031 0.710116 0.555027
threshold=1.5000000000000002 1.0000000180025095e-35 3.5000000000000004 2.5000000000000004 1.5000000000000002 1.5000000000000002 4.5000000000000009 1.0000000180025095e-35 2.5000000000000004 2.5000000000000004 1.0000000180025095e-35 1.5000000000000002 1.0000000180025095e-35 1.0000000180025095e-35 3.5000000000000004 1.0000000180025095e-35
decision_type=2 2 2 2 2 2 2 2 2 2 2 2 2 2 2 2
left_child=5 3 9 4 -2 11 10 8 -7 -3 -5 12 -1 -14 -10 -9
right_child=1 2 -4 6 -6 7 -8 15 14 -11 -12 -13 13 -15 -16 -17
leaf_value=1.9174421265411021 2.2192785332925347 2.1758009445170567 2.1349922997252961 2.2198705453558825 2.1521149962745993 2.1150064802986752 2.1967819313776404 2.1362780967355017 1.8721947140058943 2.1948603743331399 2.2365379580760436 1.9080879050944621 2.0533685564048794 2.0041453591299345 1.9381948296116598 2.1510807556110545
leaf_weight=0.90138893341645498 35.014883445110172 71.443759172456339 57.600246829912066 81.222218911163509 52.48911621933803 3.0166710002813515 82.453969574067742 15.095597321167588 0.68063462316058565 118.75750163337216 113.63481907919049 0.78284732392057765 2.6778672316577286 1.1297144966665658 1.0157705014571545 10.908560026437044
leaf_count=52 19 27 52 35 61 32 14 28 26 28 19 33 59 34 33 22
internal_value=2.19112 2.19605 2.17545 2.21004 2.17899 2.10781 2.21984 2.12704 2.04183 2.1877 2.22959 2.00022 2.01554 2.03876 1.91171 2.14249
internal_weight=648.826 612.617 247.802 364.815 87.504 36.2091 277.311 30.7172 4.71308 190.201 194.857 5.49182 4.70897 3.80758 1.69641 26.0042
internal_count=574 255 107 148 80 319 68 141 91 55 54 178 145 93 59 50
is_linear=0
shrinkage=1


Tree=1
num_leaves=17
num_cat=0
split_feature=20 21 3 20 3 0 0 20 3 3 6 7 3 3 6 3
split_gain=96.0941 63.7344 44.3414 40.0592 34.2033 27.05 22.5277 14.5925 16.1995 5.84977 5.66124 4.54057 2.79788 3.87276 0.694953 0.64088
threshold=1.5000000000000002 1.0000000180025095e-35 3.5000000000000004 2.5000000000000004 1.5000000000000002 1.5000000000000002 4.5000000000000009 1.0000000180025095e-35 2.5000000000000004 2.5000000000000004 1.0000000180025095e-35 1.0000000180025095e-35 1.5000000000000002 1.0000000180025095e-35 1.0000000180025095e-35 3.5000000000000004
decision_type=2 2 2 2 2 2 2 2 2 2 2 2 2 2 2 2
left_child=5 3 9 4 -2 12 10 8 -7 -3 -5 -9 13 -1 -15 -10
right_child=1 2 -4 6 -6 7 -8 11 15 -11 -12 -13 -14 14 -16 -17
leaf_value=-0.25977379117147692 0.026970793973344644 -0.014332913811137389 -0.053101127325713419 0.042985895254227087 -0.036834565281816355 -0.072087655949037044 0.0055753452030120089 -0.064971876258398106 -0.30275882933339521 0.0037735443545712909 0.025096327501528876 -0.022995136998922361 -0.26866028903289502 -0.13064367931632789 -0.17740571800654964 -0.24005872216204285
leaf_weight=0.90138893341645498 35.014883445110172 71.443759172456339 57.600246829912066 127.13379490096122 52.48911621933803 3.0166710002813515 82.365584081504494 14.239187121856958 0.68063462316058565 118.75750163337216 67.811628581956029 11.764970225747675 0.78284732392057765 2.6778672316577286 1.1297144966665658 1.0157705014571545
leaf_count=52 19 27 52 27 61 32 10 35 26 28 31 15 33 59 34 33
internal_value=0.000222962 0.00490105 -0.014667 0.0181927 -0.0113027 -0.0789251 0.0274998 -0.060652 -0.141601 -0.00302764 0.036763 -0.0459805 -0.181132 -0.16658 -0.144518 -0.265215
internal_weight=648.826 612.617 247.802 364.815 87.504 36.2091 277.311 30.7172 4.71308 190.201 194.945 26.0042 5.49182 4.70897 3.80758 1.69641
internal_count=574 255 107 148 80 319 68 141 91 55 58 50 178 145 93 59
is_linear=0
shrinkage=0.05


Tree=2
num_leaves=19
num_cat=0
split_feature=20 21 3 20 3 0 3 3 6 2 0 20 18 3 3 3 3 6
split_gain=86.725 57.5203 40.0181 36.1535 30.8685 24.4127 20.3328 14.5525 9.57875 13.2506 8.82779 5.7414 4.32008 2.75254 2.52508 3.49517 1.3102 0.627195
threshold=1.5000000000000002 1.0000000180025095e-35 3.5000000000000004 2.5000000000000004 1.5000000000000002 1.5000000000000002 4.5000000000000009 1.5000000000000002 1.0000000180025095e-35 4.5000000000000009 4.5000000000000009 2.5000000000000004 1.0000000180025095e-35 2.5000000000000004 1.5000000000000002 1.0000000180025095e-35 3.5000000000000004 1.0000000180025095e-35
decision_type=2 2 2 2 2 2 2 2 2 2 2 2 2 2 2 2 2 2
left_child=5 3 11 4 -2 14 12 -7 9 13 -10 -3 -5 -9 15 -1 -15 -17
right_child=1 2 -4 6 -6 7 -8 8 10 -11 -12 -13 -14 16 -16 17 -18 -19
leaf_value=-0.24678508797971888 0.025622254584144046 0.0062559138326295912 -0.050446068319883325 0.026125977345505182 -0.034992836400707293 0.024169677126658087 0.0053116770273832787 -0.1078642961602021 -0.084978681408549944 -0.014404346645090139 -0.014707700173643075 -0.011139871369265428 0.041226103160600866 -0.20438840640405151 -0.25522728090875729 -0.12411149036109814 -0.14579612543772105 -0.16853543533782139
leaf_weight=0.90138893341645498 35.014883445110172 90.352349282475188 57.600246829912066 81.222218911163509 52.48911621933803 4.6205105734989074 82.453969574067742 1.9490252512041495 9.4221407531294972 2.273334264755249 8.5022856877185404 99.848911523353308 113.63481907919049 2.3380666845478122 0.78284732392057765 2.6778672316577286 1.6118702576495705 1.1297144966665658
leaf_count=52 19 28 52 35 61 15 14 24 40 1 3 27 19 31 33 59 27 34
internal_value=0.000211814 0.004656 -0.0139336 0.0172831 -0.0107376 -0.0749788 0.0261248 -0.0576194 -0.0721004 -0.116963 -0.0516463 -0.00287626 0.0349319 -0.156487 -0.172075 -0.158251 -0.180478 -0.137292
internal_weight=648.826 612.617 247.802 364.815 87.504 36.2091 277.311 30.7172 26.0967 8.1723 17.9244 190.201 194.857 5.89896 5.49182 4.70897 3.94994 3.80758
internal_count=574 255 107 148 80 319 68 141 126 83 43 55 54 82 178 145 58 93
is_linear=0
shrinkage=0.05


Tree=3
num_leaves=17
num_cat=0
split_feature=20 21 3 20 3 20 0 19 3 0 3 18 3 7 3 0
split_gain=78.2693 51.9121 36.1164 32.6285 27.8588 22.3429 18.3688 9.73823 8.80029 5.74891 5.58886 3.84345 2.31908 1.61586 1.3828 0.0011003
threshold=1.5000000000000002 1.0000000180025095e-35 3.5000000000000004 2.5000000000000004 1.5000000000000002 1.0000000180025095e-35 4.5000000000000009 1.0000000180025095e-35 2.5000000000000004 1.5000000000000002 2.5000000000000004 1.0000000180025095e-35 1.0000000180025095e-35 1.0000000180025095e-35 4.5000000000000009 2.5000000000000004
decision_type=2 2 2 2 2 2 2 2 2 2 2 2 2 2 2 2
left_child=5 3 10 4 -2 8 11 13 9 12 -3 -5 -1 -7 15 -10
right_child=1 2 -4 6 -6 7 -8 -9 14 -11 -12 -13 -14 -15 -16 -17
leaf_value=-0.23845391815331088 0.024341144793606474 -0.013782722477149553 -0.04792376806996812 0.024882853643134112 -0.033243195125298101 -0.044799722403360859 0.0050210758366448678 -0.099106805304944187 -0.2736394162745871 -0.066245263591195758 0.0039153341219471957 0.039121338820142265 -0.13925950843043861 -0.016608827978424525 -0.17960403917840673 -0.2767203659493393
leaf_weight=0.74669287959113573 35.014883445110172 71.443759172456339 57.600246829912066 81.302552114240825 52.48911621933803 11.33027548156679 82.365584081504494 7.3816384025849393 0.5720444140024481 3.0166710002813488 118.75750163337216 113.64287136867642 2.7940285608638078 9.2188970872666687 0.56149358209222544 0.58731004991568625
leaf_count=44 19 27 52 33 61 39 10 37 24 32 28 25 90 16 16 21
internal_value=0.000201224 0.0044232 -0.0132369 0.0164189 -0.0102007 -0.0712299 0.0248186 -0.0498474 -0.143374 -0.116965 -0.00273244 0.0331831 -0.160178 -0.0321525 -0.244008 -0.2752
internal_weight=648.826 612.617 247.802 364.815 87.504 36.2091 277.311 27.9308 8.27824 6.55739 190.201 194.945 3.54072 20.5492 1.72085 1.15935
internal_count=574 255 107 148 80 319 68 92 227 166 55 58 134 55 61 45
is_linear=0
shrinkage=0.05


Tree=4
num_leaves=19
num_cat=0
split_feature=20 10 3 0 0 3 6 2 0 20 3 2 3 3 3 3 3 22
split_gain=70.638 42.5886 24.7487 26.0991 20.5454 12.9856 7.75628 11.8686 7.44451 6.66712 11.0545 4.87822 8.93397 2.36865 2.91146 2.32535 1.13229 0.712157
threshold=1.5000000000000002 1.0000000180025095e-35 4.5000000000000009 2.5000000000000004 1.5000000000000002 1.5000000000000002 1.0000000180025095e-35 4.5000000000000009 4.5000000000000009 3.5000000000000004 2.5000000000000004 1.5000000000000002 1.5000000000000002 1.5000000000000002 1.0000000180025095e-35 2.5000000000000004 3.5000000000000004 1.0000000180025095e-35
decision_type=2 2 2 2 2 2 2 2 2 2 2 2 2 2 2 2 2 2
left_child=4 2 3 11 13 -6 7 15 -8 10 -5 -2 -13 14 -1 -7 -17 -16
right_child=1 -3 -4 9 5 6 8 -9 -10 -11 -12 12 -14 -15 17 16 -18 -19
leaf_value=-0.22415763653114151 -0.011457467512408561 0.023282991005964798 -0.032881983608051099 -0.0015480282439266782 0.025517429428688468 -0.098507870442212125 -0.077626310435981338 -0.0087287887956598014 -0.013095371943844107 -0.0039385048497693996 0.023040483734424522 -0.016469798704602072 -0.063311126618769337 -0.23727797462638073 -0.15284269647780627 -0.18747715533720299 -0.13300799849394168 -0.10788570226528094
leaf_weight=0.90138893341645498 31.760839018505067 197.94635388208553 66.397324817720801 78.472207980230451 4.6205105734989074 1.9490252512041495 9.4221407531294972 2.273334264755249 8.5022856877185404 87.422186680138111 109.48664400400594 22.626243341714144 18.504715140210465 0.78284732392057765 1.3838284951634707 2.3380666845478122 1.6118702576495705 2.4237532331608236
leaf_count=52 37 39 39 14 15 24 40 1 3 14 39 24 49 33 13 31 27 80
internal_value=0.000191163 0.00420204 -0.00490641 0.000427057 -0.0676684 -0.0517432 -0.0654224 -0.105792 -0.0470167 0.00746905 0.0127749 -0.0261772 -0.0375436 -0.156743 -0.143354 -0.143198 -0.16525 -0.124225
internal_weight=648.826 612.617 414.67 348.273 36.2091 30.7172 26.0967 8.1723 17.9244 275.381 187.959 72.8918 41.131 5.49182 4.70897 5.89896 3.94994 3.80758
internal_count=574 255 216 177 319 141 126 83 43 67 53 110 73 178 145 82 58 93
is_linear=0
shrinkage=0.05


Tree=5
num_leaves=15
num_cat=0
split_feature=0 0 2 21 0 0 18 21 10 20 5 2 22 2
split_gain=56.0742 107.362 29.6319 25.8515 12.6022 12.0578 15.6881 9.12488 8.89715 5.0333 4.788 2.15516 0.304066 0.173592
threshold=2.5000000000000004 1.5000000000000002 1.5000000000000002 1.0000000180025095e-35 3.5000000000000004 3.5000000000000004 1.0000000180025095e-35 1.0000000180025095e-35 1.0000000180025095e-35 2.5000000000000004 1.0000000180025095e-35 1.5000000000000002 1.0000000180025095e-35 3.5000000000000004
decision_type=2 2 2 2 2 2 2 2 2 2 2 2 2 2
left_child=1 7 3 5 -4 6 -2 11 -6 10 12 -1 -3 -13
right_child=2 9 4 -5 8 -7 -8 -9 -10 -11 -12 13 -14 -15
leaf_value=-0.22013607685007541 0.0040912907218225176 -0.028839835293638073 0.032779473095389096 -0.015797292483603041 0.018576185261717622 0.0053852281006399475 0.10944879042091189 -0.33965034590240789 -0.00021838385569858843 -0.043380568231063933 0.0038099900560206717 -0.17217912250998479 -0.019357195141412722 -0.14959316498735092
leaf_weight=2.9640983152203253 5.9059589649550626 12.889434492215512 101.68007717235014 147.03626511897892 186.97194004710764 17.118422509171069 8.7949357107281685 1.1907362544443456 94.944529084954411 14.028682205826042 31.584341361187398 1.8756587337702515 24.565405077766627 1.5568793788552282
leaf_count=156 47 25 41 48 35 19 3 30 28 27 18 36 53 19
internal_value=0.00397088 -0.0325218 0.00985271 -0.00695438 0.0176892 0.0339085 0.0671223 -0.212562 0.0122465 -0.016077 -0.010529 -0.188904 -0.0226205 -0.161935
internal_weight=653.107 90.6552 562.452 178.856 383.597 31.8193 14.7009 7.58737 281.916 83.0679 69.0392 6.39664 37.4548 3.43254
internal_count=585 364 221 117 104 69 50 241 63 123 96 211 78 55
is_linear=0
shrinkage=0.05


Tree=6
num_leaves=20
num_cat=0
split_feature=0 0 19 3 20 0 0 10 19 20 20 5 20 0 6 22 3 3 6
split_gain=50.6069 96.8941 26.8499 27.6304 41.1674 16.7763 13.1135 8.48813 5.96128 6.44692 4.54255 4.32117 3.74157 1.91145 1.03512 0.27442 0.130267 0.175571 0.0551055
threshold=2.5000000000000004 1.5000000000000002 1.0000000180025095e-35 2.5000000000000004 3.5000000000000004 4.5000000000000009 3.5000000000000004 1.0000000180025095e-35 1.0000000180025095e-35 1.5000000000000002 2.5000000000000004 1.0000000180025095e-35 2.5000000000000004 3.5000000000000004 1.0000000180025095e-35 1.0000000180025095e-35 1.0000000180025095e-35 1.5000000000000002 1.0000000180025095e-35
decision_type=2 2 2 2 2 2 2 2 2 2 2 2 2 2 2 2 2 2 2
left_child=1 8 3 -2 5 12 -4 -8 9 14 11 15 13 -5 16 -3 -1 -18 -10
right_child=2 10 6 4 -6 -7 7 -9 18 -11 -12 -13 -14 -15 -16 -17 17 -19 -20
leaf_value=-0.20919568638728681 0.019466089535831149 -0.027397844250238987 0.034248956185032105 -0.17039081177040349 -0.0042378842678957021 -0.02816473733396558 0.018237976891938557 -0.00013119170018173587 -0.14878520718242169 -0.35037165206381077 -0.041211539985810251 0.0036194909654457298 -0.090182336747760064 -0.10800865955905777 -0.15985806775810318 -0.018389335503385631 -0.24597714186951156 -0.20674739845395057 -0.16174984130130762
leaf_weight=0.85900555248372246 69.856055246666074 12.889434492215512 87.045512057375163 2.7285578758455822 96.005488737020642 12.008704612497242 186.44115659501404 94.899495507124811 2.1511712977662683 1.0386515143327413 14.028682205826042 31.584341361187398 11.234367474447936 2.2327905022539198 0.86339240358211089 24.565405077766627 0.94195166416466214 0.40906554972752929 1.324134700233117
leaf_count=50 17 25 37 51 19 9 32 26 26 24 27 18 16 14 47 53 51 17 26
internal_value=0.00377234 -0.0308957 0.00936008 -0.00569127 -0.0198398 -0.0729476 0.0172891 0.0120418 -0.201934 -0.242678 -0.0152732 -0.0100025 -0.106153 -0.142317 -0.206283 -0.0214895 -0.224419 -0.234099 -0.153725
internal_weight=653.107 90.6552 562.452 194.066 124.21 28.2044 368.386 281.341 7.58737 4.11207 83.0679 69.0392 16.1957 4.96135 3.07342 37.4548 2.21002 1.35102 3.47531
internal_count=585 364 221 126 109 90 95 58 241 189 123 96 81 65 165 78 118 68 52
is_linear=0
shrinkage=0.05


Tree=7
num_leaves=20
num_cat=0
split_feature=0 0 19 3 20 0 0 10 21 20 5 20 19 0 6 22 3 3 3
split_gain=45.6728 87.4469 24.232 24.9364 37.1536 15.1407 11.835 7.66054 7.59332 4.09965 3.89985 3.37676 1.96735 1.72508 1.07875 0.247664 0.188555 0.0566647 0.0231342
threshold=2.5000000000000004 1.5000000000000002 1.0000000180025095e-35 2.5000000000000004 3.5000000000000004 4.5000000000000009 3.5000000000000004 1.0000000180025095e-35 1.0000000180025095e-35 2.5000000000000004 1.0000000180025095e-35 2.5000000000000004 1.0000000180025095e-35 3.5000000000000004 1.0000000180025095e-35 1.0000000180025095e-35 1.0000000180025095e-35 1.5000000000000002 1.5000000000000002
decision_type=2 2 2 2 2 2 2 2 2 2 2 2 2 2 2 2 2 2 2
left_child=1 8 3 -2 5 11 -4 -8 12 10 15 13 14 -5 16 -3 -1 -18 -14
right_child=2 9 6 4 -6 -7 7 -9 -10 -11 -12 -13 18 -15 -16 -17 17 -19 -20
leaf_value=-0.19873590016110876 0.018492785368875816 -0.026027950971608534 0.032536506207227714 -0.16187127215636365 -0.0040259899138161926 -0.026756499017589943 0.017326078169925381 -0.00012463232508935901 -0.3077704546940836 -0.03915096362416718 0.0034385161272440408 -0.085673225678928377 -0.14732713813355083 -0.10260822649351148 -0.15233397352359174 -0.017469868303886773 -0.23516217626029487 -0.2129540026084995 -0.13889990128833105
leaf_weight=0.85900555248372246 69.856055246666074 12.889434492215512 87.045512057375163 2.7285578758455822 96.005488737020642 12.008704612497242 186.44115659501404 94.899495507124811 1.1907362544443456 14.028682205826042 31.584341361187398 11.234367474447936 1.6019980798009785 2.2327905022539198 0.90145441913045932 24.565405077766627 0.96965716034173943 0.40811993880197406 1.6564012772869317
leaf_count=50 17 25 37 51 19 9 32 26 30 27 18 16 20 14 50 53 52 17 22
internal_value=0.00358372 -0.0293509 0.00889207 -0.0054067 -0.0188479 -0.0693002 0.0164247 0.0114397 -0.191837 -0.0145095 -0.00950238 -0.100845 -0.170256 -0.135201 -0.198511 -0.020415 -0.217121 -0.228584 -0.143043
internal_weight=653.107 90.6552 562.452 194.066 124.21 28.2044 368.386 281.341 7.58737 83.0679 69.0392 16.1957 6.39664 4.96135 3.13824 37.4548 2.23678 1.37778 3.2584
internal_count=585 364 221 126 109 90 95 58 241 123 96 81 211 65 169 78 119 69 42
is_linear=0
shrinkage=0.05


Tree=8
num_leaves=18
num_cat=0
split_feature=0 0 19 3 20 0 0 3 21 20 5 19 22 3 3 22 3
split_gain=41.2197 78.9208 21.8694 22.5051 33.5311 13.9627 10.6811 7.00263 6.85297 3.69994 3.51962 1.77554 0.223517 0.0328831 0.0208786 0.0143087 0.000543219
threshold=2.5000000000000004 1.5000000000000002 1.0000000180025095e-35 2.5000000000000004 3.5000000000000004 3.5000000000000004 3.5000000000000004 3.5000000000000004 1.0000000180025095e-35 2.5000000000000004 1.0000000180025095e-35 1.0000000180025095e-35 1.0000000180025095e-35 1.5000000000000002 1.5000000000000002 1.0000000180025095e-35 1.0000000180025095e-35
decision_type=2 2 2 2 2 2 2 2 2 2 2 2 2 2 2 2 2
left_child=1 8 3 -2 5 -5 -4 -8 11 10 12 13 -3 15 -13 -1 -17
right_child=2 9 6 4 -6 -7 7 -9 -10 -11 -12 14 -14 -15 -16 16 -18
leaf_value=-0.1954511380289872 0.017568145423698511 -0.024726553902799497 0.030909681380927603 -0.10745095492694541 -0.0038246908151031872 -0.036095715152938433 0.001343114575649504 0.017400869906772365 -0.29238191956245879 -0.037193415252594009 0.0032665904582168184 -0.13996078160184441 -0.016596375307903897 -0.20014213279930418 -0.13195489982543424 -0.18589662580565119 -0.18426340427528132
leaf_weight=0.36865320825017978 69.856055246666074 12.889434492215512 87.045512057375163 11.755069755017759 96.005488737020642 16.44935071002692 114.46363422973081 166.87701787240803 1.1907362544443456 14.028682205826042 31.584341361187398 1.6019980798009785 24.565405077766627 0.51460013771429647 1.6564012772869317 0.77653966145589959 1.4784440633375198
leaf_count=19 17 25 37 58 19 32 33 25 30 27 18 20 53 26 22 46 78
internal_value=0.00340453 -0.0278834 0.00844747 -0.00513637 -0.0179055 -0.0658352 0.0156034 0.0108678 -0.182245 -0.013784 -0.00902726 -0.161743 -0.0193942 -0.188586 -0.135891 -0.186319 -0.184826
internal_weight=653.107 90.6552 562.452 194.066 124.21 28.2044 368.386 281.341 7.58737 83.0679 69.0392 6.39664 37.4548 3.13824 3.2584 2.62364 2.25498
internal_count=585 364 221 126 109 90 95 58 241 123 96 211 78 169 42 143 124
is_linear=0
shrinkage=0.05


Tree=9
num_leaves=20
num_cat=0
split_feature=0 0 19 3 20 0 0 10 19 20 5 3 3 20 0 7 2 2 3
split_gain=37.2008 71.2261 19.7371 20.3109 30.2618 12.6775 9.63965 7.02799 4.53401 5.13551 3.34012 25.0011 6.15016 3.16582 1.36582 3.8356 0.175904 0.0481757 0.00395993
threshold=2.5000000000000004 1.5000000000000002 1.0000000180025095e-35 2.5000000000000004 3.5000000000000004 4.5000000000000009 3.5000000000000004 1.0000000180025095e-35 1.0000000180025095e-35 1.5000000000000002 1.0000000180025095e-35 1.5000000000000002 2.5000000000000004 2.5000000000000004 3.5000000000000004 1.0000000180025095e-35 1.0000000180025095e-35 3.5000000000000004 1.0000000180025095e-35
decision_type=2 2 2 2 2 2 2 2 2 2 2 2 2 2 2 2 2 2 2
left_child=1 8 3 -2 5 13 -4 -8 9 16 11 -3 -13 14 15 -5 18 -10 -1
right_child=2 10 6 4 -6 -7 7 -9 17 -11 -12 12 -14 -15 -16 -17 -18 -19 -20
leaf_value=-0.17846140172218658 0.016689738920438145 -0.0030498928817132703 0.029364198075995631 -0.099066196779342558 -0.0036334562112933337 -0.023613889176345968 0.015962444015677861 -0.00075227518552980859 -0.1368193804453631 -0.30478463708409703 -0.003708631281494644 -0.066017967684738332 -0.15447579346004259 -0.076718176316586895 -0.09567302923730707 -0.21963315097662958 -0.14793023277356465 -0.12504125688956111 -0.18261087890012176
leaf_weight=0.85632289922796179 69.856055246666074 30.612805081065744 87.045512057375163 1.6119648632593462 96.005488737020642 12.008704612497242 186.44115659501404 94.899495507124811 1.7846271798480304 1.0386515143327413 44.269467778503895 4.9092487292364222 3.2763415481895208 11.234367474447936 2.2327905022539198 1.116593012586236 0.46717983973212529 1.6906788181513546 1.7499124309979377
leaf_count=51 17 19 37 6 19 9 32 26 30 24 29 35 40 16 14 45 28 22 86
internal_value=0.00323431 -0.0264892 0.0080251 -0.00487955 -0.0170102 -0.0625435 0.0148233 0.0103244 -0.173133 -0.208666 -0.0130948 -0.0238046 -0.101424 -0.0914087 -0.124674 -0.148405 -0.176183 -0.13109 -0.181247
internal_weight=653.107 90.6552 562.452 194.066 124.21 28.2044 368.386 281.341 7.58737 4.11207 83.0679 38.7984 8.18559 16.1957 4.96135 2.72856 3.07342 3.47531 2.60624
internal_count=585 364 221 126 109 90 95 58 241 189 123 94 75 81 65 51 165 52 137
is_linear=0
shrinkage=0.05


Tree=10
num_leaves=20
num_cat=0
split_feature=1 3 1 3 3 21 1 3 21 2 3 3 3 2 3 21 20 19 2
split_gain=42.269 49.2932 43.0487 27.8472 14.7072 12.9143 7.56178 15.3187 13.9106 3.58072 3.17936 2.1057 2.1998 2.0418 1.39992 1.32393 0.6059 0.611569 0.246893
threshold=1.5000000000000002 2.5000000000000004 1.0000000180025095e-35 4.5000000000000009 6.5000000000000009 1.0000000180025095e-35 2.5000000000000004 3.5000000000000004 1.0000000180025095e-35 3.5000000000000004 2.5000000000000004 1.0000000180025095e-35 1.5000000000000002 1.0000000180025095e-35 5.5000000000000009 1.0000000180025095e-35 2.5000000000000004 1.0000000180025095e-35 1.0000000180025095e-35
decision_type=2 2 2 2 2 2 2 2 2 2 2 2 2 2 2 2 2 2 2
left_child=1 2 5 6 14 11 8 9 10 -8 -2 18 13 -13 -5 -4 17 -3 -1
right_child=3 16 15 4 -6 -7 7 -9 -10 -11 -12 12 -14 -15 -16 -17 -18 -19 -20
leaf_value=-0.17451599542494645 0.040555252868370979 -0.13809807599157445 -0.014371724918830223 -0.029533313432396235 0.0067868601904419639 -0.31085857603067008 0.0059697147005860051 0.02362350928465309 0.0030111140945714952 -0.0091889017249971051 0.024152840396535705 -0.042246749238542533 -0.14005524570341274 -0.11610464734592951 -0.01678747326874435 -0.002199426312876159 -0.12395397405731906 -0.17067326127210011 -0.13459857220213675
leaf_weight=0.89002816518768468 55.437228569760919 2.8101120009087017 38.55098334280774 50.938701269682497 68.075644323136657 0.86309094517491747 79.533547228667885 99.915298707783222 64.808538163546473 76.360912154428661 63.252055750694126 2.3794783903285865 1.6534531258512286 1.5422571557573972 37.330945236142725 53.119555290788412 2.1989803067408502 2.9569335100241005 0.68588690180331469
leaf_count=48 19 48 58 41 11 13 30 18 18 18 32 73 28 25 15 9 27 20 14
internal_value=0.00223552 -0.026598 -0.0170335 0.00744652 -0.0106755 -0.128161 0.013896 0.00834006 0.0216413 -0.00145535 0.0318141 -0.10611 -0.0916854 -0.071292 -0.0241429 -0.00731835 -0.146285 -0.1548 -0.157143
internal_weight=703.304 107.651 99.6847 595.653 156.345 8.01419 439.308 255.81 183.498 155.894 118.689 7.1511 5.57519 3.92174 88.2696 91.6705 7.96603 5.76705 1.57592
internal_count=565 363 268 202 67 201 135 66 69 48 51 188 126 98 56 67 95 68 62
is_linear=0
shrinkage=0.05


Tree=11
num_leaves=20
num_cat=0
split_feature=0 3 0 3 3 21 0 3 6 18 2 3 3 2 3 21 7 18 2
split_gain=38.1478 44.4871 38.8515 25.1321 13.2732 11.6551 6.82451 13.8251 16.8267 12.9388 12.8655 1.90039 1.98532 1.84273 1.26342 1.19485 0.52569 0.250705 0.222821
threshold=2.5000000000000004 2.5000000000000004 1.5000000000000002 4.5000000000000009 6.5000000000000009 1.0000000180025095e-35 3.5000000000000004 3.5000000000000004 1.0000000180025095e-35 1.0000000180025095e-35 1.5000000000000002 1.0000000180025095e-35 1.5000000000000002 1.0000000180025095e-35 5.5000000000000009 1.0000000180025095e-35 1.0000000180025095e-35 1.0000000180025095e-35 1.0000000180025095e-35
decision_type=2 2 2 2 2 2 2 2 2 2 2 2 2 2 2 2 2 2 2
left_child=1 2 5 6 14 11 9 8 -8 10 -2 18 13 -13 -5 -4 17 -3 -1
right_child=3 16 15 4 -6 -7 7 -9 -10 -11 -12 12 -14 -15 -16 -17 -18 -19 -20
leaf_value=-0.16579019863200586 -0.014025740355970512 -0.11485459150199738 -0.013653137640155627 -0.028056644899958072 0.0064475167945084498 -0.29531562806107381 0.012678470703835893 0.0224423345195045 -0.020573315909078627 0.032608703127407414 0.025377928233539716 -0.040134411932440654 -0.13305248388997165 -0.11029941873394858 -0.015948099435038832 -0.0020894556220933157 -0.15115068652553834 -0.14114620918273732 -0.12786864396204051
leaf_weight=0.89002816518768468 40.904722981154919 2.255122866947203 38.55098334280774 50.938701269682497 68.075644323136657 0.86309094517491747 89.971998707391322 99.915298707783222 65.922460675705224 100.62248941138387 41.970610091462731 2.3794783903285865 1.6534531258512286 1.5422571557573972 37.330945236142725 53.119555290788412 4.1944943154230714 1.5164086353033783 0.68588690180331469
leaf_count=48 36 15 58 41 11 13 23 18 25 18 15 73 28 25 15 9 43 37 14
internal_value=0.00212374 -0.0252681 -0.0161819 0.0070742 -0.0101417 -0.121753 0.0132012 0.00792306 -0.00138258 0.0205592 0.00592949 -0.100805 -0.0871011 -0.0677274 -0.0229357 -0.00695243 -0.138971 -0.125426 -0.149286
internal_weight=703.304 107.651 99.6847 595.653 156.345 8.01419 439.308 255.81 155.894 183.498 82.8753 7.1511 5.57519 3.92174 88.2696 91.6705 7.96603 3.77153 1.57592
internal_count=565 363 268 202 67 201 135 66 48 69 51 188 126 98 56 67 95 52 62
is_linear=0
shrinkage=0.05


Tree=12
num_leaves=20
num_cat=0
split_feature=0 3 0 3 3 21 5 18 3 3 3 3 2 3 21 19 7 18 2
split_gain=34.4284 40.1496 35.0635 22.6817 11.9791 10.5187 6.9333 6.36604 5.43253 4.57118 1.7151 1.79175 1.66306 1.14024 1.07835 0.801329 0.474436 0.226261 0.201096
threshold=2.5000000000000004 2.5000000000000004 1.5000000000000002 4.5000000000000009 6.5000000000000009 1.0000000180025095e-35 1.0000000180025095e-35 1.0000000180025095e-35 2.5000000000000004 3.5000000000000004 1.0000000180025095e-35 1.5000000000000002 1.0000000180025095e-35 5.5000000000000009 1.0000000180025095e-35 1.0000000180025095e-35 1.0000000180025095e-35 1.0000000180025095e-35 1.0000000180025095e-35
decision_type=2 2 2 2 2 2 2 2 2 2 2 2 2 2 2 2 2 2 2
left_child=1 2 5 6 13 10 7 15 -8 -10 18 12 -12 -5 -4 -2 17 -3 -1
right_child=3 16 14 4 -6 -7 8 -9 9 -11 11 -13 -14 -15 -16 -17 -18 -19 -20
leaf_value=-0.1575006906179276 0.0035675224330231296 -0.10911186151701402 -0.012970481206758642 -0.026653813877169381 0.0061251415823168091 -0.28054984976165198 -0.00040284925712599697 0.033066255584182684 0.0057380343704668468 0.020918465112888779 -0.038127695183014232 -0.12639986162604375 -0.10478444643099566 -0.015150694234952734 -0.0019849821509065071 0.015202131842274811 -0.14359315856166088 -0.13408889556411399 -0.12147521317608889
leaf_weight=0.89002816518768468 23.34416739596054 2.255122866947203 38.55098334280774 50.938701269682497 68.075644323136657 0.86309094517491747 110.79130302928388 66.348429379519075 98.010227099061012 100.38097929628566 2.3794783903285865 1.6534531258512286 1.5422571557573972 37.330945236142725 53.119555290788412 40.432474374771118 4.1944943154230714 1.5164086353033783 0.68588690180331469
leaf_count=48 42 15 58 41 11 13 16 21 21 19 73 28 25 15 9 16 43 37 14
internal_value=0.00201755 -0.0240047 -0.0153728 0.00672049 -0.00963462 -0.115665 0.0125411 0.0222235 0.0084661 0.013419 -0.0957647 -0.082746 -0.0643411 -0.0217889 -0.00660481 0.0109435 -0.132023 -0.119154 -0.141821
internal_weight=703.304 107.651 99.6847 595.653 156.345 8.01419 439.308 130.125 309.183 198.391 7.1511 5.57519 3.92174 88.2696 91.6705 63.7766 7.96603 3.77153 1.57592
internal_count=565 363 268 202 67 201 135 79 56 40 188 126 98 56 67 58 95 52 62
is_linear=0
shrinkage=0.05


Tree=13
num_leaves=19
num_cat=0
split_feature=0 3 0 3 3 21 5 22 0 3 3 10 22 3 21 3 7 2
split_gain=31.0716 36.235 31.6448 20.4703 10.8111 9.49317 6.2573 6.98077 3.94444 1.54788 1.61705 1.51616 1.50739 1.02907 0.973211 0.816598 0.428178 0.181489
threshold=2.5000000000000004 2.5000000000000004 1.5000000000000002 4.5000000000000009 6.5000000000000009 1.0000000180025095e-35 1.0000000180025095e-35 1.0000000180025095e-35 4.5000000000000009 1.0000000180025095e-35 1.5000000000000002 1.0000000180025095e-35 1.0000000180025095e-35 5.5000000000000009 1.0000000180025095e-35 2.5000000000000004 1.0000000180025095e-35 1.0000000180025095e-35
decision_type=2 2 2 2 2 2 2 2 2 2 2 2 2 2 2 2 2 2
left_child=1 2 5 6 13 9 8 15 11 17 12 -2 -11 -5 -4 -8 -3 -1
right_child=3 16 14 4 -6 -7 7 -9 -10 10 -12 -13 -14 -15 -16 -17 -18 -19
leaf_value=-0.14962565060979827 0.037700857363293719 -0.11319658895025536 -0.012321957001312113 -0.025321124845733924 0.0058188845944512476 -0.26652234702086114 -0.00036537607178343379 0.018235126068106382 0.0095127337069576788 -0.10040119310620876 -0.12007986845250787 0.023117043030657685 -0.036658901682317412 -0.014393160272385616 -0.0018857337095990229 0.0060553095863186725 -0.1364134951837403 -0.11540145006638876
leaf_weight=0.89002816518768468 25.847348513547331 3.7715315022505811 38.55098334280774 50.938701269682497 68.075644323136657 0.86309094517491747 110.78034910745919 108.85070205852389 46.883443380240351 1.5052116594742986 1.6534531258512286 57.394279256463051 2.4165238866116852 37.330945236142725 53.119555290788412 89.551458258647472 4.1944943154230714 0.68588690180331469
leaf_count=48 55 52 58 41 11 13 15 10 10 20 28 14 78 15 9 31 43 14
internal_value=0.00191668 -0.0228045 -0.0146041 0.00638446 -0.00915289 -0.109882 0.0119141 0.0080428 0.0211123 -0.0909764 -0.0786087 0.0276455 -0.061124 -0.0206995 -0.00627457 0.00250477 -0.125421 -0.13473
internal_weight=703.304 107.651 99.6847 595.653 156.345 8.01419 439.308 309.183 130.125 7.1511 5.57519 83.2416 3.92174 88.2696 91.6705 200.332 7.96603 1.57592
internal_count=565 363 268 202 67 201 135 56 79 188 126 69 98 56 67 46 95 62
is_linear=0
shrinkage=0.05


Tree=14
num_leaves=17
num_cat=0
split_feature=0 0 2 21 0 20 7 21 2 20 22 0 6 20 0 2
split_gain=28.0421 25.8087 13.6423 18.9537 13.2196 11.9888 7.59213 4.38727 3.38849 3.06972 0.823648 0.37252 0.297929 0.238108 0.234926 0.188456
threshold=2.5000000000000004 1.5000000000000002 1.5000000000000002 1.0000000180025095e-35 3.5000000000000004 1.5000000000000002 1.0000000180025095e-35 1.0000000180025095e-35 4.5000000000000009 2.5000000000000004 1.0000000180025095e-35 4.5000000000000009 1.0000000180025095e-35 1.5000000000000002 4.5000000000000009 1.0000000180025095e-35
decision_type=2 2 2 2 2 2 2 2 2 2 2 2 2 2 2 2
left_child=1 7 3 5 -4 14 9 10 -6 -3 13 -5 15 -1 -2 -12
right_child=2 6 4 11 8 -7 -8 -9 -10 -11 12 -13 -14 -15 -16 -17
leaf_value=-0.096408355102528848 -0.015654988035427319 0.002815153939222278 0.023906444279467264 -0.022240470534572069 0.00035708680406645247 0.041202499433048684 -0.035371066967351684 -0.18446298918534532 0.010698077772453303 -0.019147459072143908 -0.06191907492199103 -0.016134384374001644 -0.10418186580934839 -0.12498154097048189 -0.0044515943427251856 -0.085862453451186621
leaf_weight=1.795767087489365 10.75624821940437 43.945559323765337 128.80484892893583 53.205365602858365 178.57257233839482 26.57048956817016 29.721281451173127 1.3829550931695846 142.37921711988747 24.938844448886812 2.753561913967133 47.082022825721651 0.71382938302122045 1.2275083344429729 8.2821068004705012 1.1714520994573829
leaf_count=35 46 36 35 35 32 17 71 32 27 21 90 7 37 26 3 15
internal_value=0.00182084 -0.0216642 0.00606524 -0.00722047 0.010375 0.0195031 -0.0142494 -0.102497 0.00494451 -0.00513617 -0.0877032 -0.0193738 -0.074469 -0.10801 -0.0107813 -0.0690652
internal_weight=703.304 107.651 595.653 145.896 449.757 45.6088 98.6057 9.04507 320.952 68.8844 7.66212 100.287 4.63884 3.02328 19.0384 3.92501
internal_count=565 363 202 108 94 66 128 235 59 57 203 42 142 61 49 105
is_linear=0
shrinkage=0.05


Tree=15
num_leaves=14
num_cat=0
split_feature=19 20 0 7 0 0 0 0 6 5 6 0 0
split_gain=24.2037 12.7635 43.7095 25.7783 21.8487 9.60863 7.62469 28.0584 3.89809 3.52649 3.29719 2.14689 0.00989761
threshold=1.0000000180025095e-35 2.5000000000000004 3.5000000000000004 1.0000000180025095e-35 3.5000000000000004 2.5000000000000004 3.5000000000000004 2.5000000000000004 1.0000000180025095e-35 1.0000000180025095e-35 1.0000000180025095e-35 2.5000000000000004 1.5000000000000002
decision_type=2 2 2 2 2 2 2 2 2 2 2 2 2
left_child=1 2 3 11 -3 8 7 9 12 -2 -8 -1 -5
right_child=6 4 -4 5 -6 -7 10 -9 -10 -11 -12 -13 -14
leaf_value=-0.0077145087381019252 -0.0084268307430452848 -0.01535764058529528 -0.078852928897826427 -0.04052634736342825 0.026382270434735917 -0.21534167296448384 0.0081479795194603199 0.024271583178690683 -0.11885626105140601 -0.036012632265614131 -0.0017025887619469078 0.0088300039697015425 -0.044800937098228945
leaf_weight=32.6862080427818 33.7805103182327 91.142200211528689 27.283618070650846 2.8858585294801724 47.791459366679192 1.2485276910010723 150.46125923050568 169.82480511907488 2.4163176435977221 17.632803487358615 195.10433762148023 49.008467179257423 2.5514873936772346
leaf_count=52 47 42 26 99 29 44 24 37 56 37 36 12 43
internal_value=0.00145544 -0.0112718 -0.023358 -0.00668228 -0.000999628 -0.0864975 0.00722653 0.0144742 -0.0660146 -0.0178877 0.00258641 0.00221051 -0.0425322
internal_weight=823.818 257.014 118.08 90.7969 138.934 9.10219 566.804 221.238 7.85366 51.4133 345.566 81.6947 5.43735
internal_count=584 403 332 306 71 242 181 121 198 84 60 64 142
is_linear=0
shrinkage=0.05


Tree=16
num_leaves=18
num_cat=0
split_feature=19 3 1 20 3 3 1 7 1 5 1 1 3 3 20 1 6
split_gain=21.8439 18.0494 38.3673 24.502 36.1094 113.443 19.6204 11.1607 7.32282 16.4698 6.88128 25.3227 7.12977 4.72676 3.22283 2.67878 2.19949
threshold=1.0000000180025095e-35 1.5000000000000002 1.0000000180025095e-35 2.5000000000000004 2.5000000000000004 4.5000000000000009 2.5000000000000004 1.0000000180025095e-35 3.5000000000000004 1.0000000180025095e-35 2.5000000000000004 1.5000000000000002 3.5000000000000004 1.5000000000000002 2.5000000000000004 1.5000000000000002 1.0000000180025095e-35
decision_type=2 2 2 2 2 2 2 2 2 2 2 2 2 2 2 2 2
left_child=1 2 7 4 15 8 -5 -1 9 -6 11 13 -12 -2 -15 -3 -9
right_child=10 3 -4 6 5 -7 -8 16 -10 -11 12 -13 -14 14 -16 -17 -18
leaf_value=-0.2498573076668508 -0.0045905232130137004 -7.5689904586068594e-05 0.073315069745663694 -0.01449643309195809 -0.15622966085678164 -0.24202980773298963 0.025063157671246762 -0.03442596771475253 -0.0095550344635465887 -0.017989033103710691 -0.0059059254968189976 0.023058004407640862 0.0086247746718856773 -0.062276761442810635 -0.020914276329167335 -0.020848973340013465 -0.14511736352690519
leaf_weight=0.9571681930683561 30.799582220613956 32.127488473895937 14.886399993672967 91.070687998551875 3.1751997491810489 7.7908011763356617 47.791459366679192 2.5106767450924967 19.434639237821102 6.7026962065137923 146.6784901204519 169.82480511907488 198.887106731534 7.2813695878721783 13.332361997105181 30.020466221496463 0.54646076634526242
leaf_count=17 28 51 17 39 56 36 29 91 6 17 32 37 28 36 20 9 35
internal_value=0.00138267 -0.0107082 0.0363218 -0.0144413 -0.0334128 -0.0724447 -0.000881416 -0.100861 -0.0273717 -0.0624258 0.0068652 0.0137505 0.00245709 -0.0169933 -0.0355247 -0.0101102 -0.054212
internal_weight=823.818 257.014 18.9007 238.113 99.2513 37.1033 138.862 4.01431 29.3125 9.8779 566.804 221.238 345.566 51.4133 20.6137 62.148 3.05714
internal_count=584 403 160 243 175 115 68 143 79 73 181 121 60 84 56 60 126
is_linear=0
shrinkage=0.05


Tree=17
num_leaves=18
num_cat=0
split_feature=19 3 0 20 3 3 0 7 0 5 0 0 3 3 20 0 6
split_gain=19.7141 16.2895 34.6265 22.1131 32.5888 102.382 17.7074 10.0725 6.60885 14.864 6.21036 22.8538 6.43462 4.2659 2.9086 2.4176 1.98504
threshold=1.0000000180025095e-35 1.5000000000000002 1.5000000000000002 2.5000000000000004 2.5000000000000004 4.5000000000000009 3.5000000000000004 1.0000000180025095e-35 4.5000000000000009 1.0000000180025095e-35 3.5000000000000004 2.5000000000000004 3.5000000000000004 1.5000000000000002 2.5000000000000004 2.5000000000000004 1.0000000180025095e-35
decision_type=2 2 2 2 2 2 2 2 2 2 2 2 2 2 2 2 2
left_child=1 2 7 4 15 8 -5 -1 9 -6 11 13 -12 -2 -15 -3 -9
right_child=10 3 -4 6 5 -7 -8 16 -10 -11 12 -13 -14 14 -16 -17 -18
leaf_value=-0.23736443632176815 -0.00436099691092404 -7.1905696685572442e-05 0.069649314893747441 -0.01377161201858872 -0.14841817895345769 -0.22992832936472452 0.023809999244185923 -0.032704671376978155 -0.0090772832404223316 -0.017089582796402304 -0.005610629081433751 0.021905103622322532 0.0081935355047698579 -0.059162923976139752 -0.019868562676866531 -0.019806523601481076 -0.1378614931190173
leaf_weight=0.9571681930683561 30.799582220613956 32.127488473895937 14.886399993672967 91.070687998551875 3.1751997491810489 7.7908011763356617 47.791459366679192 2.5106767450924967 19.434639237821102 6.7026962065137923 146.6784901204519 169.82480511907488 198.887106731534 7.2813695878721783 13.332361997105181 30.020466221496463 0.54646076634526242
leaf_count=17 28 51 17 39 56 36 29 91 6 17 32 37 28 36 20 9 35
internal_value=0.00131354 -0.0101728 0.0345058 -0.0137192 -0.0317422 -0.0688225 -0.000837345 -0.0958184 -0.0260031 -0.0593045 0.00652194 0.013063 0.00233423 -0.0161437 -0.0337485 -0.00960468 -0.0515014
internal_weight=823.818 257.014 18.9007 238.113 99.2513 37.1033 138.862 4.01431 29.3125 9.8779 566.804 221.238 345.566 51.4133 20.6137 62.148 3.05714
internal_count=584 403 160 243 175 115 68 143 79 73 181 121 60 84 56 60 126
is_linear=0
shrinkage=0.05


Tree=18
num_leaves=17
num_cat=0
split_feature=19 3 0 20 3 20 0 20 0 0 3 3 0 20 0 0
split_gain=17.792 14.7013 31.54 19.9571 29.4114 92.5781 15.981 13.1715 5.60485 20.6255 5.80724 3.84997 3.82286 2.62501 2.58945 2.18189
threshold=1.0000000180025095e-35 1.5000000000000002 2.5000000000000004 2.5000000000000004 2.5000000000000004 1.5000000000000002 3.5000000000000004 1.0000000180025095e-35 3.5000000000000004 2.5000000000000004 3.5000000000000004 1.5000000000000002 4.5000000000000009 2.5000000000000004 1.5000000000000002 2.5000000000000004
decision_type=2 2 2 2 2 2 2 2 2 2 2 2 2 2 2 2
left_child=1 2 7 4 15 12 -5 14 9 11 -10 -2 -6 -13 -1 -3
right_child=8 3 -4 6 5 -7 -8 -9 10 -11 -12 13 -14 -15 -16 -17
leaf_value=-0.050264985384428612 -0.0041429471509707187 -6.8310616690154741e-05 0.073874928813234944 -0.013083031073030608 -0.0486182914163545 -0.20669277780890039 0.022619500410676278 -0.20920792156817181 -0.0053300970974081577 0.020809848160397174 0.0077838583848868952 -0.056204776605484397 -0.0088921130513121959 -0.018875134105910032 0.03750611344078817 -0.018816198303078457
leaf_weight=3.0019743544980892 30.799582220613956 32.127488473895937 13.454356789588928 91.070687998551875 8.7866709323134291 8.8315074425190669 47.791459366679192 1.2773917673621324 146.6784901204519 169.82480511907488 198.887106731534 7.2813695878721783 19.485157995019108 13.332361997105181 1.1669827867299316 30.020466221496463
leaf_count=119 28 51 3 39 83 26 29 31 32 37 28 36 6 20 7 9
internal_value=0.00124786 -0.00966414 0.0327805 -0.0130333 -0.0301551 -0.0653813 -0.000795477 -0.068737 0.00619585 0.0124098 0.00221752 -0.0153365 -0.0212387 -0.032061 -0.0256959 -0.00912445
internal_weight=823.818 257.014 18.9007 238.113 99.2513 37.1033 138.862 5.44635 566.804 221.238 345.566 51.4133 28.2718 20.6137 4.16896 62.148
internal_count=584 403 160 243 175 115 68 157 181 121 60 84 89 56 126 60
is_linear=0
shrinkage=0.05


Tree=19
num_leaves=15
num_cat=0
split_feature=19 3 0 3 0 7 0 0 3 3 6 0 3 6
split_gain=16.0572 13.5579 17.8605 9.60937 28.4649 12.0133 5.05837 18.6145 5.24104 3.4746 2.32908 1.58158 0.392589 0.0289771
threshold=1.0000000180025095e-35 3.5000000000000004 3.5000000000000004 1.5000000000000002 2.5000000000000004 1.0000000180025095e-35 3.5000000000000004 2.5000000000000004 3.5000000000000004 1.5000000000000002 1.0000000180025095e-35 1.5000000000000002 2.5000000000000004 1.0000000180025095e-35
decision_type=2 2 2 2 2 2 2 2 2 2 2 2 2 2
left_child=1 3 13 4 5 -1 7 9 -8 -2 12 -7 -5 -3
right_child=6 2 -4 10 -6 11 8 -9 -10 -11 -12 -13 -14 -15
leaf_value=-0.20864680739402025 -0.0039357999146771884 -0.0832262474312154 -0.015090218667526925 -0.00094851968000453531 0.070181182859888266 -0.046132707613437872 -0.0050635929332588378 0.01976935547441978 0.0073946657457130086 -0.030457998187652352 -0.019338969020649403 0.020875493671836675 -0.0061353353054097275 -0.078110170337680265
leaf_weight=1.1523470073007054 30.799582220613956 3.8137383083812866 47.547067299950868 65.723672372754663 13.454356789588928 3.0571375114377588 146.6784901204519 169.82480511907488 198.887106731534 20.613731584977359 28.942027956945822 1.2368643898516891 81.996023094747216 10.090909397695214
leaf_count=21 28 54 34 41 3 126 32 37 28 56 48 10 41 25
internal_value=0.00118547 -0.00918093 -0.0296672 -0.00274351 0.0311414 -0.0653001 0.00588605 0.0117893 0.00210664 -0.0145697 -0.00636879 -0.0268314 -0.00382761 -0.0795134
internal_weight=823.818 257.014 61.4517 195.562 18.9007 5.44635 566.804 221.238 345.566 51.4133 176.662 4.294 147.72 13.9046
internal_count=584 403 113 290 160 157 181 121 60 84 130 136 82 79
is_linear=0
shrinkage=0.05


Tree=20
num_leaves=17
num_cat=0
split_feature=19 3 1 20 1 3 1 1 3 3 5 3 6 20 20 1
split_gain=19.0673 13.5483 12.9553 10.2693 13.6914 12.3183 6.49061 13.7149 8.33726 4.89955 4.08477 2.58927 2.38749 0.338635 1.93853 0.150907
threshold=1.0000000180025095e-35 3.5000000000000004 2.5000000000000004 1.5000000000000002 1.5000000000000002 1.5000000000000002 2.5000000000000004 1.5000000000000002 3.5000000000000004 1.0000000180025095e-35 1.0000000180025095e-35 2.5000000000000004 1.0000000180025095e-35 2.5000000000000004 1.5000000000000002 1.0000000180025095e-35
decision_type=2 2 2 2 2 2 2 2 2 2 2 2 2 2 2 2
left_child=1 3 13 4 5 9 7 10 -8 -1 -2 -5 -7 14 -3 -11
right_child=6 2 -4 11 -6 12 8 -9 -10 15 -12 -13 -14 -15 -16 -17
leaf_value=-0.13494055533055102 -0.00029455054738066893 -0.13445947015382528 -0.019382431943468011 0.0071176000205374068 -0.01057232404169855 -0.18573571081203707 -0.010365683694968868 0.019001513843141964 0.0070029274452319077 -0.012366587916147781 -0.029945011519435367 -0.0053143052189220732 -0.10517670170839653 -0.070153333789587463 -0.057850164038872331 0.0085902452687376396
leaf_weight=0.89738074317574312 34.25842765159905 1.3756543165072774 55.373820743989199 83.455531233455986 23.716937475372106 2.1883475373033434 105.85509132081643 171.52886510174721 198.94959908910096 2.3680496348533779 17.574485044926405 84.080736597534269 1.5864745099097493 9.4439368573948741 2.0657169376499951 1.3479928737506273
leaf_count=51 44 47 39 46 19 50 29 31 29 82 38 28 17 17 10 12
internal_value=0.000204707 -0.0106605 -0.0298901 -0.00408574 -0.0299907 -0.0848941 0.00571585 0.0121908 0.000971013 -0.0300857 -0.0103478 0.000878451 -0.151879 -0.0750464 -0.088474 -0.00476451
internal_weight=796.067 267.901 68.2591 199.641 32.1052 8.38825 528.166 223.362 304.805 4.61342 51.8329 167.536 3.77482 12.8853 3.44137 3.71604
internal_count=589 418 113 305 231 212 171 113 58 145 82 74 67 74 57 94
is_linear=0
shrinkage=0.05


Tree=21
num_leaves=17
num_cat=0
split_feature=19 3 0 20 3 3 20 0 0 0 3 3 20 0 21 0
split_gain=17.2083 12.5454 24.9089 19.8851 23.2909 86.4914 11.5728 8.84461 5.85778 12.3777 7.52438 2.82954 2.38632 1.83061 1.35154 0.808131
threshold=1.0000000180025095e-35 1.5000000000000002 2.5000000000000004 2.5000000000000004 2.5000000000000004 4.5000000000000009 1.0000000180025095e-35 3.5000000000000004 3.5000000000000004 2.5000000000000004 3.5000000000000004 1.5000000000000002 2.5000000000000004 1.5000000000000002 1.0000000180025095e-35 2.5000000000000004
decision_type=2 2 2 2 2 2 2 2 2 2 2 2 2 2 2 2
left_child=1 2 6 4 15 14 13 -5 9 11 -10 -2 -13 -1 -6 -3
right_child=8 3 -4 7 5 -7 -8 -9 10 -11 -12 12 -14 -15 -16 -17
leaf_value=-0.040492510099949815 -0.00060081790160270245 -0.0077639205420611951 0.065521846335682296 -0.011245373832087414 -0.031735275164163336 -0.21257544826291236 -0.19030407246568104 0.013742105768605774 -0.0098473989616595405 0.0180514391167233 0.0066527810018629056 -0.047792964366303328 -0.011694535425026912 0.032959952138183819 -0.0087407458250872809 -0.018807678727478391
leaf_weight=3.0658700712956497 31.913014391902834 32.937674645567313 13.53266330063343 91.639571866951883 13.202970923390239 7.6132175852544597 1.3079784607980398 57.719491138122976 105.85509132081643 171.52886510174721 198.94959908910096 7.1308696260675797 12.789028678555042 1.1727089537307618 12.384374559856951 33.324057955294847
leaf_count=120 27 56 4 38 65 34 31 34 29 31 29 36 19 8 19 9
internal_value=0.000194472 -0.0101275 0.0289466 -0.0131236 -0.0304448 -0.0646264 -0.0602907 -0.00158902 0.00543005 0.0115812 0.000922462 -0.00983045 -0.024617 -0.02017 -0.0206058 -0.013318
internal_weight=796.067 267.901 19.0792 248.821 99.4623 33.2006 5.54656 149.359 528.166 223.362 304.805 51.8329 19.9199 4.23858 25.5873 66.2617
internal_count=589 418 163 255 183 118 159 72 171 113 58 82 55 128 84 65
is_linear=0
shrinkage=0.05


Tree=22
num_leaves=17
num_cat=0
split_feature=19 3 0 20 0 3 3 3 3 3 6 3 6 20 20 0
split_gain=15.5304 11.8011 11.2013 9.08643 12.1077 11.3461 5.44629 5.2925 9.42599 4.28122 3.20194 2.16932 2.15089 0.170591 1.69738 0.105694
threshold=1.0000000180025095e-35 3.5000000000000004 3.5000000000000004 1.5000000000000002 2.5000000000000004 1.5000000000000002 4.5000000000000009 2.5000000000000004 1.5000000000000002 1.0000000180025095e-35 1.0000000180025095e-35 2.5000000000000004 1.0000000180025095e-35 2.5000000000000004 1.5000000000000002 1.5000000000000002
decision_type=2 2 2 2 2 2 2 2 2 2 2 2 2 2 2 2
left_child=1 3 13 4 5 9 7 8 -2 -1 -9 -5 -7 14 -3 -11
right_child=6 2 -4 11 -6 12 -8 10 -10 15 -12 -13 -14 -15 -16 -17
leaf_value=-0.12489714561415022 0.012307423655384968 -0.12211696587277346 -0.017797499560199829 0.0068954438138462042 -0.0095914514816174308 -0.17590542753925223 -0.0053270523662987289 0.014226579298683784 -0.01662927336499782 -0.0095743222163012943 0.0032083144848832931 -0.004483711055015948 -0.09944228247204652 -0.066083396830147287 -0.050430896072589271 0.0079643249295049436
leaf_weight=0.89738074317574312 58.210563639644533 1.3756543165072774 55.373820743989199 83.455531233455986 23.716937475372106 2.1883475373033434 100.31689994502813 221.22023812308908 54.48426862526685 2.3680496348533779 93.934497875161469 84.080736597534269 1.5864745099097493 9.4439368573948741 2.0657169376499951 1.3479928737506273
leaf_count=51 29 47 39 46 19 50 25 30 41 82 46 28 17 17 10 12
internal_value=0.000184748 -0.00962111 -0.027568 -0.00348491 -0.0278523 -0.0794829 0.00515855 0.00761709 -0.00168252 -0.0268818 0.0109425 0.00118463 -0.14377 -0.0695563 -0.0790867 -0.00321219
internal_weight=796.067 267.901 68.2591 199.641 32.1052 8.38825 528.166 427.85 112.695 4.61342 315.155 167.536 3.77482 12.8853 3.44137 3.71604
internal_count=589 418 113 305 231 212 171 146 70 145 76 74 67 74 57 94
is_linear=0
shrinkage=0.05


Tree=23
num_leaves=15
num_cat=0
split_feature=19 3 0 20 6 21 20 0 3 3 3 6 0 0
split_gain=14.0162 11.1495 22.0248 18.2583 20.4244 13.4775 10.5487 8.08913 4.91528 4.77648 8.50695 2.88975 1.54601 1.0083
threshold=1.0000000180025095e-35 1.5000000000000002 2.5000000000000004 2.5000000000000004 1.0000000180025095e-35 1.0000000180025095e-35 1.0000000180025095e-35 3.5000000000000004 4.5000000000000009 2.5000000000000004 1.5000000000000002 1.0000000180025095e-35 1.5000000000000002 2.5000000000000004
decision_type=2 2 2 2 2 2 2 2 2 2 2 2 2 2
left_child=1 2 6 4 13 -6 12 -5 9 10 -2 -11 -1 -3
right_child=8 3 -4 7 5 -7 -8 -9 -10 11 -12 -13 -14 -15
leaf_value=-0.036587970240786437 0.011692052962771277 -0.0066559641715449565 0.062088762905836863 -0.010146611441301585 -0.030181181967425769 -0.094637908306889465 -0.18034350073358596 0.013749869226341489 -0.0050606998523105556 0.013515250547193242 -0.015797809958159766 0.0030478993238625273 0.030913737069151927 -0.018926420905749149
leaf_weight=3.0658700712956497 58.210563639644533 33.548700837185606 13.53266330063343 91.639571866951883 16.912519725039601 15.581484575755892 1.3079784607980398 57.719491138122976 100.31689994502813 221.22023812308908 54.48426862526685 93.934497875161469 1.1727089537307618 33.41959053138271
leaf_count=120 29 73 4 38 47 10 31 34 25 30 41 46 8 53
internal_value=0.00017551 -0.00914006 0.0276961 -0.0119646 -0.0285621 -0.0610894 -0.0562162 -0.000911867 0.00490062 0.00723623 -0.0015984 0.0103954 -0.0179119 -0.0127794
internal_weight=796.067 267.901 19.0792 248.821 99.4623 32.494 5.54656 149.359 528.166 427.85 112.695 315.155 4.23858 66.9683
internal_count=589 418 163 255 183 57 159 72 171 146 70 76 128 126
is_linear=0
shrinkage=0.05


Tree=24
num_leaves=17
num_cat=0
split_feature=19 3 0 20 0 3 3 3 3 3 6 6 3 20 20 0
split_gain=12.6496 11.3012 9.74683 7.27013 11.2673 10.3746 4.43604 4.31077 7.67753 3.74079 2.608 2.00455 1.80464 0.139574 1.54155 0.072411
threshold=1.0000000180025095e-35 3.5000000000000004 3.5000000000000004 1.5000000000000002 2.5000000000000004 1.5000000000000002 4.5000000000000009 2.5000000000000004 1.5000000000000002 1.0000000180025095e-35 1.0000000180025095e-35 1.0000000180025095e-35 2.5000000000000004 2.5000000000000004 1.5000000000000002 1.5000000000000002
decision_type=2 2 2 2 2 2 2 2 2 2 2 2 2 2 2 2
left_child=1 3 13 4 5 9 7 8 -2 -1 -9 -7 -5 14 -3 -11
right_child=6 2 -4 12 -6 11 -8 10 -10 15 -12 -13 -14 -15 -16 -17
leaf_value=-0.11560254954859704 0.011107450518592542 -0.11504137168608355 -0.017131536698829754 0.0067073417594186949 -0.0068588901839828137 -0.16677735755201889 -0.004807664316545994 0.012839488962332527 -0.015007919068652171 -0.0071229327150601381 0.0028955048160087694 -0.092961110706960712 -0.003671387771322305 -0.062271894049222613 -0.04672501481142749 0.007393948361180268
leaf_weight=0.89738074317574312 58.210563639644533 1.3756543165072774 55.373820743989199 83.455531233455986 23.716937475372106 2.1883475373033434 100.31689994502813 221.22023812308908 54.48426862526685 2.3680496348533779 93.934497875161469 1.5864745099097493 84.080736597534269 9.4439368573948741 2.0657169376499951 1.3479928737506273
leaf_count=51 29 47 39 46 19 50 25 30 41 82 46 17 28 17 10 12
internal_value=0.000166735 -0.00868306 -0.0262457 -0.00267824 -0.0244745 -0.074281 0.00465559 0.00687442 -0.00151848 -0.0239822 0.0098756 -0.135754 0.00149861 -0.0654132 -0.0740338 -0.00185694
internal_weight=796.067 267.901 68.2591 199.641 32.1052 8.38825 528.166 427.85 112.695 4.61342 315.155 3.77482 167.536 12.8853 3.44137 3.71604
internal_count=589 418 113 305 231 212 171 146 70 145 76 67 74 74 57 94
is_linear=0
shrinkage=0.05


Tree=25
num_leaves=17
num_cat=0
split_feature=0 3 0 3 3 22 7 2 2 3 3 6 3 3 5 5
split_gain=8.79057 21.2868 18.4603 5.50904 8.03167 3.44971 3.09738 2.88681 3.86767 4.76538 2.47864 2.06728 0.92505 1.32413 0.770425 0.16314
threshold=2.5000000000000004 2.5000000000000004 1.5000000000000002 4.5000000000000009 6.5000000000000009 1.0000000180025095e-35 1.0000000180025095e-35 4.5000000000000009 1.5000000000000002 2.5000000000000004 3.5000000000000004 1.0000000180025095e-35 1.5000000000000002 1.0000000180025095e-35 1.0000000180025095e-35 1.0000000180025095e-35
decision_type=2 2 2 2 2 2 2 2 2 2 2 2 2 2 2 2
left_child=1 2 5 7 -5 15 -4 8 9 -2 14 -10 13 -7 -3 -1
right_child=3 10 6 4 -6 12 -8 -9 11 -11 -12 -13 -14 -15 -16 -17
leaf_value=-0.10728654874774324 0.011050600284223458 -0.18396356763783453 0.0037373988833279328 -0.018984954748833993 0.0047560363540058324 -0.098986106076385125 -0.016651497576460877 -0.0055875236182612135 0.013334196515861395 -0.0068861730564109547 -0.08192541491100773 0.0044671824291085465 -0.085548514385021243 -0.02025945868215593 -0.11699871897975107 -0.1288548325137332
leaf_weight=1.7363408203236741 55.72054404579103 0.87607237976044305 65.077410160563886 74.285254902672023 68.45102130388841 0.68070382764562998 26.096913370070979 74.042472511529922 130.75141694070771 110.39072352671064 5.2325256527401507 132.18934779241681 1.4412998079787938 2.4800474662333727 0.84263167856261134 1.7709445601794869
leaf_count=36 17 34 33 54 13 36 44 31 25 59 38 21 23 87 21 24
internal_value=-0.00112234 -0.0144507 -0.00852848 0.00107009 -0.00759966 -0.0808212 -0.00209853 0.00352984 0.00510324 -0.000869442 -0.099037 0.00887644 -0.0523518 -0.0372141 -0.151133 -0.118177
internal_weight=752.066 106.235 99.2837 645.831 142.736 8.10934 91.1743 503.095 429.052 166.111 6.95123 262.941 4.60205 3.16075 1.7187 3.50729
internal_count=596 376 283 220 67 206 77 153 122 76 93 46 146 123 55 60
is_linear=0
shrinkage=0.05


Tree=26
num_leaves=19
num_cat=0
split_feature=20 3 6 2 3 0 0 6 2 20 20 0 10 0 3 0 0 2
split_gain=9.95439 127.617 53.6858 10.1453 8.80806 17.2759 11.7091 6.87131 8.16976 6.29323 4.703 2.78624 10.2453 2.32346 1.44158 1.16253 1.01998 0.293056
threshold=2.5000000000000004 3.5000000000000004 1.0000000180025095e-35 1.5000000000000002 1.5000000000000002 2.5000000000000004 1.5000000000000002 1.0000000180025095e-35 1.5000000000000002 1.5000000000000002 3.5000000000000004 3.5000000000000004 1.0000000180025095e-35 3.5000000000000004 2.5000000000000004 2.5000000000000004 2.5000000000000004 1.5000000000000002
decision_type=2 2 2 2 2 2 2 2 2 2 2 2 2 2 2 2 2 2
left_child=1 4 3 13 5 6 9 8 16 17 11 12 -2 15 -9 -3 -6 -1
right_child=10 2 -4 -5 7 -7 -8 14 -10 -11 -12 -13 -14 -15 -16 -17 -18 -19
leaf_value=-0.038485875030762368 -0.02208547964363014 -0.020017416789345491 -0.23951646518124459 -0.1317130981155698 -0.0055717714795823275 0.037252825054973016 0.0022603235932822999 -0.023628496936976506 0.012951647156292724 -0.16864057585355804 -0.0043301311473321899 0.010121299417751802 0.012627655020249371 0.0091598602784209397 -0.010481565786681231 -0.082243984776971618 -0.01842836099140761 -0.065979654257288689
leaf_weight=3.4268600498326114 33.825849804095924 1.4151731845922786 7.648622482083737 3.2468283488415182 31.965422467095777 39.751906037330627 32.169599498622119 39.303202840965241 72.711908127879724 1.3465570351108906 126.73751659924164 221.14071474224329 57.19944672845304 2.9959282130002975 44.413593350211158 1.5982426139526069 29.816848848946393 1.3514497752767054
leaf_count=133 48 11 33 12 59 5 20 32 38 15 53 37 5 6 28 33 15 13
internal_value=-0.00106622 -0.00787626 -0.141496 -0.0604982 -0.000251787 0.014164 -0.00980362 -0.0054078 0.00159233 -0.073167 0.00379281 0.00709067 -0.00027207 -0.022021 -0.0166538 -0.0530209 -0.0117765 -0.0462619
internal_weight=752.066 313.162 16.9048 9.25617 296.257 78.0464 38.2945 218.211 134.494 6.12487 438.904 312.166 91.0253 6.00934 83.7168 3.01342 61.7823 4.77831
internal_count=596 453 95 62 358 186 181 172 112 161 143 90 53 50 60 44 74 146
is_linear=0
shrinkage=0.05


Tree=27
num_leaves=18
num_cat=0
split_feature=20 3 6 2 3 1 1 6 2 20 20 1 18 5 3 1 22
split_gain=8.98384 115.174 48.4514 9.15615 7.94927 15.5915 10.5675 6.20135 7.37321 5.67964 4.24446 2.51458 8.46503 2.23271 1.30103 0.920528 0.478296
threshold=2.5000000000000004 3.5000000000000004 1.0000000180025095e-35 1.5000000000000002 1.5000000000000002 1.5000000000000002 1.0000000180025095e-35 1.0000000180025095e-35 1.5000000000000002 1.5000000000000002 3.5000000000000004 2.5000000000000004 1.0000000180025095e-35 1.0000000180025095e-35 2.5000000000000004 1.5000000000000002 1.0000000180025095e-35
decision_type=2 2 2 2 2 2 2 2 2 2 2 2 2 2 2 2 2
left_child=1 4 3 13 5 6 9 8 15 16 11 12 -2 -3 -9 -6 -1
right_child=10 2 -4 -5 7 -7 -8 14 -10 -11 -12 -13 -14 -15 -16 -17 -18
leaf_value=-0.065437190908882267 -0.019943192554801942 -0.053383557272863272 -0.22754062825104007 -0.12512743920406069 -0.0052931833141713416 0.035390182925065995 0.00214730796939337 -0.022447072096851376 0.012304065330898901 -0.16020855159193739 -0.004113624722478555 0.0096152346524670928 0.011552271882960582 0.0076920840339098273 -0.0099574873318861775 -0.017506943345859047 -0.032303305247925733
leaf_weight=1.6794283965136845 34.134308271575719 2.8151888009160775 7.648622482083737 3.2468283488415182 31.965422467095777 39.751906037330627 32.169599498622119 39.303202840965241 72.711908127879724 1.3465570351108906 126.73751659924164 221.14071474224329 56.890988260973245 3.1941552106291056 44.413593350211158 29.816848848946393 3.0988814285956323
leaf_count=27 31 38 33 12 59 5 20 32 38 15 53 37 22 12 28 15 119
internal_value=-0.00101291 -0.00748245 -0.134421 -0.0574733 -0.000239198 0.0134558 -0.00931344 -0.00513741 0.00151271 -0.0695086 0.00360317 0.00673614 -0.000258466 -0.0209199 -0.0158211 -0.0111877 -0.0439488
internal_weight=752.066 313.162 16.9048 9.25617 296.257 78.0464 38.2945 218.211 134.494 6.12487 438.904 312.166 91.0253 6.00934 83.7168 61.7823 4.77831
internal_count=596 453 95 62 358 186 181 172 112 161 143 90 53 50 60 74 146
is_linear=0
shrinkage=0.05


Tree=28
num_leaves=15
num_cat=0
split_feature=0 18 0 7 19 0 18 0 7 2 6 6 19 6
split_gain=6.28175 15.6852 12.7483 4.10461 3.09781 5.33247 4.03608 3.24125 2.93356 1.2399 0.548006 0.134208 0.0577741 0.00439789
threshold=2.5000000000000004 1.0000000180025095e-35 1.5000000000000002 1.0000000180025095e-35 1.0000000180025095e-35 3.5000000000000004 1.0000000180025095e-35 3.5000000000000004 1.0000000180025095e-35 1.5000000000000002 1.0000000180025095e-35 1.0000000180025095e-35 1.0000000180025095e-35 1.0000000180025095e-35
decision_type=2 2 2 2 2 2 2 2 2 2 2 2 2 2
left_child=1 2 8 -4 6 -6 7 11 -1 13 -7 -2 -10 -3
right_child=4 9 3 -5 5 10 -8 -9 12 -11 -12 -13 -14 -15
leaf_value=-0.11459094381659192 -0.017677801406135042 -0.058130111769172224 0.0040890514424432233 -0.019117898769215262 0.012520941177092675 0.0029005411686028474 0.0031290316626557944 -0.0029873493671202641 -0.044875248683941459 -0.10559564889070067 -0.0015832777017705812 -0.022928363673987873 -0.058190783088164645 -0.053142068485447364
leaf_weight=2.5628671627491704 30.724246751982719 0.91993562225252279 66.323873126413673 26.733574673300609 116.52314535947517 103.19687616778538 108.18046284327284 66.431843228638172 3.5730107335839421 4.2160318735986948 200.62060257606208 20.153604096500203 1.0552005863282827 0.85039594583213329
leaf_count=43 42 28 37 66 32 25 26 39 136 43 38 18 9 14
internal_value=-0.000962267 -0.0122293 -0.0075344 -0.00257785 0.00089108 0.00342738 -0.00383689 -0.0102607 -0.0716755 -0.0908502 -6.02709e-05 -0.0197576 -0.0479111 -0.0557341
internal_weight=752.066 106.235 100.249 93.0574 645.831 420.341 225.49 117.31 7.19108 5.98636 303.817 50.8779 4.62821 1.77033
internal_count=596 376 291 103 220 95 125 99 188 85 63 60 145 42
is_linear=0
shrinkage=0.05


Tree=29
num_leaves=19
num_cat=0
split_feature=20 3 6 3 0 0 6 10 20 20 0 10 0 3 3 0 22 18
split_gain=7.65426 102.414 44.4588 7.39289 13.1713 8.64895 5.47968 5.04883 4.91579 3.88298 2.43331 7.94474 1.76923 3.28378 1.19327 1.01254 0.355858 0.155552
threshold=2.5000000000000004 3.5000000000000004 1.0000000180025095e-35 1.5000000000000002 2.5000000000000004 1.5000000000000002 1.0000000180025095e-35 1.0000000180025095e-35 1.5000000000000002 3.5000000000000004 3.5000000000000004 1.0000000180025095e-35 3.5000000000000004 2.5000000000000004 2.5000000000000004 2.5000000000000004 1.0000000180025095e-35 1.0000000180025095e-35
decision_type=2 2 2 2 2 2 2 2 2 2 2 2 2 2 2 2 2 2
left_child=1 3 7 4 5 8 12 17 16 10 11 -2 13 15 -8 -5 -1 -3
right_child=9 2 -4 6 -6 -7 14 -9 -10 -11 -12 -13 -14 -15 -16 -17 -18 -19
leaf_value=-0.056989652687323124 -0.019746187144202565 -0.072776952983616236 -0.21578650227211096 -0.0027529649451409456 0.033311701133447856 0.0025922383718610508 -0.021167710815149489 -0.006732445604222397 -0.1466143942646094 -0.0040342103601879002 0.0091754611236596392 0.010822070330654587 0.01034769953161125 0.011458697031925723 -0.0092065421023376434 -0.015275602866539846 -0.028409665613945756 -0.08956915706927665
leaf_weight=1.6794283965136845 33.825849804095924 2.399463295470925 7.648622482083737 34.855596703942865 39.751906037330627 32.169599498622119 39.303202840965241 3.6135817188769579 1.3465570351108906 126.73751659924164 221.14071474224329 57.19944672845304 39.610041397623718 29.962454736232758 44.413593350211158 30.066086606122553 3.0988814285956323 3.2431273460388184
leaf_count=27 48 39 33 47 5 20 32 9 15 53 37 5 18 37 28 10 119 14
internal_value=-0.000914153 -0.00688579 -0.126586 -5.55692e-05 0.0131514 -0.0077761 -0.00477925 -0.0528769 -0.0622337 0.00334667 0.00634327 -0.000537379 0.00147196 -0.00223328 -0.014822 -0.00855236 -0.0384546 -0.0824284
internal_weight=752.066 313.162 16.9048 296.257 78.0464 38.2945 218.211 9.25617 6.12487 438.904 312.166 91.0253 134.494 94.8841 83.7168 64.9217 4.77831 5.64259
internal_count=596 453 95 358 186 181 172 62 161 143 90 53 112 94 60 57 146 53
is_linear=0
shrinkage=0.05


Tree=30
num_leaves=19
num_cat=0
split_feature=3 20 3 0 0 0 20 6 21 7 20 0 10 0 2 21 3 22
split_gain=10.7146 26.5078 101.432 48.2976 13.1709 6.68319 4.98909 4.73413 6.80992 5.57094 3.70718 2.90941 6.20388 4.80542 2.27595 2.17216 0.451707 0.443935
threshold=1.5000000000000002 2.5000000000000004 3.5000000000000004 4.5000000000000009 2.5000000000000004 1.5000000000000002 1.5000000000000002 1.0000000180025095e-35 1.0000000180025095e-35 1.0000000180025095e-35 3.5000000000000004 4.5000000000000009 1.0000000180025095e-35 3.5000000000000004 1.5000000000000002 1.0000000180025095e-35 4.5000000000000009 1.0000000180025095e-35
decision_type=2 2 2 2 2 2 2 2 2 2 2 2 2 2 2 2 2 2
left_child=4 2 7 14 5 6 17 8 -2 -9 11 12 13 -3 15 16 -4 -1
right_child=1 10 3 -5 -6 -7 -8 9 -10 -11 -12 -13 -14 -15 -16 -17 -18 -19
leaf_value=-0.053016214471549854 -0.07050338794734895 -0.030237991789189379 -0.098297602050854638 -0.26720740735700671 0.0343585515587247 0.0017046232617042194 -0.13597395968064876 -0.018754862973778083 -0.016206617264178807 0.0050182078164550219 -0.0065517484353227479 0.010580988507420746 0.010387973936006534 -0.0016459159392746545 -0.10298133825405012 -0.00062181800078117005 -0.056458096244434035 -0.019194208246845434
leaf_weight=1.4133194519672532 7.1586008199956259 22.453141016885638 1.2527609905228003 5.6166068259626627 37.69234623759985 32.331550689414144 1.466295870952308 45.080996811389923 29.872767362045124 54.357397040817887 115.80930905370042 104.70862517366186 64.221174566075206 42.532282404601574 3.8043224788270891 1.470337674487382 1.3299276945181189 3.0944249269086868
leaf_count=28 75 45 24 8 6 22 23 39 27 30 49 12 8 19 16 14 20 123
internal_value=-0.00411602 -0.00677633 -0.0243643 -0.155241 0.0133749 -0.0072728 -0.0558587 -0.0114425 -0.0267028 -0.00575946 0.000764467 0.00438666 -0.000633207 -0.0115248 -0.0752057 -0.0491344 -0.0767528 -0.0297985
internal_weight=575.666 499.668 149.944 13.474 75.9979 38.3056 5.97404 136.47 37.0314 99.4384 349.725 233.915 129.207 64.9854 7.85735 4.05303 2.58269 4.50774
internal_count=588 386 253 82 202 196 174 171 102 69 133 84 72 64 74 58 44 151
is_linear=0
shrinkage=0.05


Tree=31
num_leaves=18
num_cat=0
split_feature=3 20 3 1 1 1 20 6 21 7 20 1 19 21 5 3 22
split_gain=9.66994 23.9233 91.5423 43.5886 11.8867 6.03158 4.50265 4.27255 6.14595 5.02777 3.34573 2.62574 2.07979 1.9532 1.51138 0.414142 0.400652
threshold=1.5000000000000002 2.5000000000000004 3.5000000000000004 3.5000000000000004 1.5000000000000002 1.0000000180025095e-35 1.5000000000000002 1.0000000180025095e-35 1.0000000180025095e-35 1.0000000180025095e-35 3.5000000000000004 3.5000000000000004 1.0000000180025095e-35 1.0000000180025095e-35 1.0000000180025095e-35 4.5000000000000009 1.0000000180025095e-35
decision_type=2 2 2 2 2 2 2 2 2 2 2 2 2 2 2 2 2
left_child=4 2 7 12 5 6 16 8 -2 -9 11 14 13 15 -3 -4 -1
right_child=1 10 3 -5 -6 -7 -8 9 -10 -11 -12 -13 -14 -15 -16 -17 -18
leaf_value=-0.050365404857292233 -0.06697822276415355 0.0050639119162088214 -0.093382721284813119 -0.25384704053761609 0.032640623329471534 0.0016193919746118517 -0.1291752681712097 -0.017817119320463936 -0.015396286298078311 0.0047672965704226977 -0.0062241606602976823 0.010051938161588336 -0.098149905013040717 -0.00059072713360011381 -0.0057632589269503856 -0.053482844190273854 -0.018234501426990051
leaf_weight=1.4133194519672532 7.1586008199956259 61.597556279040873 1.2527609905228003 5.6166068259626627 37.69234623759985 32.331550689414144 1.466295870952308 45.080996811389923 29.872767362045124 54.357397040817887 115.80930905370042 104.70862517366186 3.7818056899122894 1.470337674487382 67.609041708521545 1.3524444834329186 3.0944249269086868
leaf_count=28 75 35 24 8 6 22 23 39 27 30 49 12 15 14 37 21 123
internal_value=-0.00391022 -0.00643751 -0.0231461 -0.147479 0.0127062 -0.00690916 -0.0530657 -0.0108704 -0.0253677 -0.00547148 0.000726243 0.00416733 -0.0714454 -0.0466655 -0.000601547 -0.0726694 -0.0283085
internal_weight=575.666 499.668 149.944 13.474 75.9979 38.3056 5.97404 136.47 37.0314 99.4384 349.725 233.915 7.85735 4.07554 129.207 2.60521 4.50774
internal_count=588 386 253 82 202 196 174 171 102 69 133 84 74 59 72 45 151
is_linear=0
shrinkage=0.05


Tree=32
num_leaves=19
num_cat=0
split_feature=3 20 3 0 0 0 20 6 21 19 20 0 10 0 19 21 3 22
split_gain=8.72712 21.5908 82.6169 39.3387 10.7278 5.4435 4.06364 3.85598 5.54672 4.55562 3.01952 2.36973 5.34296 4.34198 1.87701 1.76277 0.373763 0.361588
threshold=1.5000000000000002 2.5000000000000004 3.5000000000000004 4.5000000000000009 2.5000000000000004 1.5000000000000002 1.5000000000000002 1.0000000180025095e-35 1.0000000180025095e-35 1.0000000180025095e-35 3.5000000000000004 4.5000000000000009 1.0000000180025095e-35 3.5000000000000004 1.0000000180025095e-35 1.0000000180025095e-35 4.5000000000000009 1.0000000180025095e-35
decision_type=2 2 2 2 2 2 2 2 2 2 2 2 2 2 2 2 2 2
left_child=4 2 7 14 5 6 17 8 -2 -9 11 12 13 -3 15 16 -4 -1
right_child=1 10 3 -5 -6 -7 -8 9 -10 -11 -12 -13 -14 -15 -16 -17 -18 -19
leaf_value=-0.047847136187697301 -0.063629310878408549 -0.028467089677030863 -0.088713587157751961 -0.24115468074557789 0.031008593148374255 0.0015384222662047781 -0.12271649072457165 0.0062531379730981608 -0.014626471968560501 -0.01519993281296839 -0.005912952678087266 0.0095493418035843738 0.0096564583503112606 -0.0012886962374247266 -0.093242408861062456 -0.00056118903267483411 -0.050808701025566595 -0.017322777758033401
leaf_weight=1.4133194519672532 7.1586008199956259 22.453141016885638 1.2527609905228003 5.6166068259626627 37.69234623759985 32.331550689414144 1.466295870952308 46.360962059814483 29.872767362045124 53.077431792393327 115.80930905370042 104.70862517366186 64.221174566075206 42.532282404601574 3.7818056899122894 1.470337674487382 1.3524444834329186 3.0944249269086868
leaf_count=28 75 45 24 8 6 22 23 43 27 26 49 12 8 19 15 14 21 123
internal_value=-0.0037147 -0.00611564 -0.0219888 -0.140105 0.0120709 -0.0065637 -0.0504125 -0.0103268 -0.0240993 -0.00519791 0.000689931 0.00395896 -0.00057147 -0.0106791 -0.0678731 -0.0443323 -0.069036 -0.0268931
internal_weight=575.666 499.668 149.944 13.474 75.9979 38.3056 5.97404 136.47 37.0314 99.4384 349.725 233.915 129.207 64.9854 7.85735 4.07554 2.60521 4.50774
internal_count=588 386 253 82 202 196 174 171 102 69 133 84 72 64 74 59 45 151
is_linear=0
shrinkage=0.05


Tree=33
num_leaves=17
num_cat=0
split_feature=3 20 3 0 0 0 20 6 21 19 5 0 19 21 3 22
split_gain=7.87622 19.4857 74.5618 35.5032 9.6818 4.91276 3.66744 3.48002 5.00592 4.11144 3.12484 4.13217 1.694 1.5909 0.337321 0.326333
threshold=1.5000000000000002 2.5000000000000004 3.5000000000000004 4.5000000000000009 2.5000000000000004 1.5000000000000002 1.5000000000000002 1.0000000180025095e-35 1.0000000180025095e-35 1.0000000180025095e-35 1.0000000180025095e-35 3.5000000000000004 1.0000000180025095e-35 1.0000000180025095e-35 4.5000000000000009 1.0000000180025095e-35
decision_type=2 2 2 2 2 2 2 2 2 2 2 2 2 2 2 2
left_child=4 2 7 12 5 6 15 8 -2 -9 -3 -12 13 14 -4 -1
right_child=1 10 3 -5 -6 -7 -8 9 -10 -11 11 -13 -14 -15 -16 -17
leaf_value=-0.045454777183560044 -0.060447844443273363 -0.0078809117646941752 -0.084277903106586172 -0.22909694679120693 0.029458161552818225 0.0014615011653528655 -0.11658067220284729 0.0059404817651363927 -0.013895148032911997 -0.014439936072125494 -0.0042196336341322705 0.0084236523444201974 -0.088580287530227633 -0.00053313016733869806 -0.04826826765151241 -0.016456638257285845
leaf_weight=1.4133194519672532 7.1586008199956259 82.053828469943255 1.2527609905228003 5.6166068259626627 37.69234623759985 32.331550689414144 1.466295870952308 46.360962059814483 29.872767362045124 53.077431792393327 109.06060489825904 158.61009884672239 3.7818056899122894 1.470337674487382 1.3524444834329186 3.0944249269086868
leaf_count=28 75 60 24 8 6 22 23 43 27 26 43 30 15 14 21 123
internal_value=-0.00352897 -0.00580986 -0.0208893 -0.1331 0.0114673 -0.00623552 -0.0478918 -0.0098105 -0.0228943 -0.00493801 0.000655435 0.00327223 -0.0644795 -0.0421156 -0.0655842 -0.0255485
internal_weight=575.666 499.668 149.944 13.474 75.9979 38.3056 5.97404 136.47 37.0314 99.4384 349.725 267.671 7.85735 4.07554 2.60521 4.50774
internal_count=588 386 253 82 202 196 174 171 102 69 133 73 74 59 45 151
is_linear=0
shrinkage=0.05


Tree=34
num_leaves=18
num_cat=0
split_feature=0 2 0 20 21 2 18 22 19 0 21 0 22 2 5 21 18
split_gain=6.86809 14.8982 4.62286 14.5889 10.0406 8.32734 3.54799 2.48961 2.33376 2.15785 0.876038 0.774429 0.762214 0.669361 0.398612 0.146713 0.0552811
threshold=2.5000000000000004 2.5000000000000004 3.5000000000000004 2.5000000000000004 1.0000000180025095e-35 3.5000000000000004 1.0000000180025095e-35 1.0000000180025095e-35 1.0000000180025095e-35 1.5000000000000002 1.0000000180025095e-35 1.5000000000000002 1.0000000180025095e-35 2.5000000000000004 1.0000000180025095e-35 1.0000000180025095e-35 1.0000000180025095e-35
decision_type=2 2 2 2 2 2 2 2 2 2 2 2 2 2 2 2 2
left_child=1 7 4 5 8 -4 -5 10 13 16 11 -1 15 14 -2 -3 -9
right_child=2 12 3 6 -6 -7 -8 9 -10 -11 -12 -13 -14 -15 -16 -17 -18
leaf_value=-0.050555946169356415 0.025198256543606135 -0.0040299919966055465 -0.043042122169457825 0.0073238480483262484 -0.0062522847988092283 -0.011109936634309351 -0.0072346579683302548 -0.026520455754132307 0.0095124395231580457 -0.078446956904781484 -0.11758367032819553 -0.098113450563715135 -0.013006790972823543 0.03366937297553358 0.011233297583960486 0.0035834802128985287 -0.010834644658187816
leaf_weight=1.5616454870905709 12.332650071941316 13.463714614044875 31.884037715382874 117.3415418472141 126.08131507365033 56.768388579599559 65.048690901137888 3.4935321502853185 82.550274719949812 3.2327647756319493 2.0978825453203171 1.8944840454496443 23.065893281251192 13.516596794128416 8.7249670326709747 11.93849581386894 0.66931164171546687
leaf_count=36 49 50 40 28 26 14 32 139 19 51 29 18 11 1 5 9 31
internal_value=-0.00335252 -0.0191556 -0.00146512 -0.00595575 0.00353949 -0.0225944 0.00213162 -0.0667976 0.0140801 -0.047799 -0.0920959 -0.0766247 -0.00642671 0.0249859 0.019412 -0.000451823 -0.0239985
internal_weight=575.666 61.4177 514.248 271.043 243.206 88.6524 182.39 12.9496 117.124 7.39561 5.55401 3.45613 48.4681 34.5742 21.0576 25.4022 4.16284
internal_count=588 374 214 114 100 54 60 304 74 221 83 54 70 55 54 59 170
is_linear=0
shrinkage=0.05


end of trees

feature_importances:
complexity_score=159
num_tables=123
num_aggregate_funcs=75
has_order_by=38
query_depth=32
analytical_pattern=32
has_numeric_heavy_ops=29
num_joins=22
has_group_by=18
transactional_pattern=18
has_limit=16
has_text_operations=14
has_outer_joins=11

parameters:
[boosting: gbdt]
[objective: regression]
[metric: rmse]
[tree_learner: serial]
[device_type: cpu]
[data_sample_strategy: bagging]
[data: ]
[valid: ]
[num_iterations: 500]
[learning_rate: 0.05]
[num_leaves: 63]
[num_threads: -1]
[seed: 42]
[deterministic: 0]
[force_col_wise: 0]
[force_row_wise: 0]
[histogram_pool_size: -1]
[max_depth: -1]
[min_data_in_leaf: 20]
[min_sum_hessian_in_leaf: 0.001]
[bagging_fraction: 0.8]
[pos_bagging_fraction: 1]
[neg_bagging_fraction: 1]
[bagging_freq: 5]
[bagging_seed: 400]
[bagging_by_query: 0]
[feature_fraction: 0.8]
[feature_fraction_bynode: 1]
[feature_fraction_seed: 30056]
[extra_trees: 0]
[extra_seed: 12879]
[early_stopping_round: 0]
[early_stopping_min_delta: 0]
[first_metric_only: 0]
[max_delta_step: 0]
[lambda_l1: 0]
[lambda_l2: 0]
[linear_lambda: 0]
[min_gain_to_split: 0]
[drop_rate: 0.1]
[max_drop: 50]
[skip_drop: 0.5]
[xgboost_dart_mode: 0]
[uniform_drop: 0]
[drop_seed: 17869]
[top_rate: 0.2]
[other_rate: 0.1]
[min_data_per_group: 100]
[max_cat_threshold: 32]
[cat_l2: 10]
[cat_smooth: 10]
[max_cat_to_onehot: 4]
[top_k: 20]
[monotone_constraints: ]
[monotone_constraints_method: basic]
[monotone_penalty: 0]
[feature_contri: ]
[forcedsplits_filename: ]
[refit_decay_rate: 0.9]
[cegb_tradeoff: 1]
[cegb_penalty_split: 0]
[cegb_penalty_feature_lazy: ]
[cegb_penalty_feature_coupled: ]
[path_smooth: 0]
[interaction_constraints: ]
[verbosity: 1]
[saved_feature_importance_type: 0]
[use_quantized_grad: 0]
[num_grad_quant_bins: 4]
[quant_train_renew_leaf: 0]
[stochastic_rounding: 1]
[linear_tree: 0]
[max_bin: 255]
[max_bin_by_feature: ]
[min_data_in_bin: 3]
[bin_construct_sample_cnt: 200000]
[data_random_seed: 175]
[is_enable_sparse: 1]
[enable_bundle: 1]
[use_missing: 1]
[zero_as_missing: 0]
[feature_pre_filter: 1]
[pre_partition: 0]
[two_round: 0]
[header: 0]
[label_column: ]
[weight_column: ]
[group_column: ]
[ignore_column: ]
[categorical_feature: ]
[forcedbins_filename: ]
[precise_float_parser: 0]
[parser_config_file: ]
[objective_seed: 16083]
[num_class: 1]
[is_unbalance: 0]
[scale_pos_weight: 1]
[sigmoid: 1]
[boost_from_average: 1]
[reg_sqrt: 0]
[alpha: 0.9]
[fair_c: 1]
[poisson_max_delta_step: 0.7]
[tweedie_variance_power: 1.5]
[lambdarank_truncation_level: 30]
[lambdarank_norm: 1]
[label_gain: ]
[lambdarank_position_bias_regularization: 0]
[eval_at: ]
[multi_error_top_k: 1]
[auc_mu_weights: ]
[num_machines: 1]
[local_listen_port: 12400]
[time_out: 120]
[machine_list_filename: ]
[machines: ]
[gpu_platform_id: -1]
[gpu_device_id: -1]
[gpu_use_dp: 0]
[num_gpu: 1]

end of parameters

pandas_categorical:null
