# lgbm_feature_names: num_tables,num_joins,query_depth,complexity_score,has_aggregates,has_group_by,has_order_by,has_limit,has_distinct,has_window_functions,has_outer_joins,estimated_join_complexity,has_subqueries,has_correlated_subqueries,has_large_tables,all_tables_small,has_complex_expressions,has_user_functions,has_text_operations,has_numeric_heavy_ops,num_aggregate_funcs,analytical_pattern,transactional_pattern,etl_pattern,command_type
# lgbm_version: v1.0.0
# lgbm_threshold: 0.000000
# lgbm_model_type: regression
# lgbm_target: log(pg_time/duck_time)
tree
version=v4
num_class=1
num_tree_per_iteration=1
label_index=0
max_feature_idx=24
objective=regression
feature_names=num_tables num_joins query_depth complexity_score has_aggregates has_group_by has_order_by has_limit has_distinct has_window_functions has_outer_joins estimated_join_complexity has_subqueries has_correlated_subqueries has_large_tables all_tables_small has_complex_expressions has_user_functions has_text_operations has_numeric_heavy_ops num_aggregate_funcs analytical_pattern transactional_pattern etl_pattern command_type
feature_infos=[1:5] [0:4] [0:5] [0:8] [0:1] [0:1] [0:1] [0:1] none none [0:1] [0:8] none none none none none none [0:1] [0:1] [0:6] [0:1] [0:1] none none
tree_sizes=2512 2541 2760 2770 2752 2043 3076 2576 2653 2641 3471 3276 3189 3182 2653 2683 3104 3095 3077 3093 2469 2671 2665 2678 2870 2677 2777 2892 2680 2867

Tree=0
num_leaves=24
num_cat=0
split_feature=4 3 3 2 3 20 0 0 5 6 0 0 0 3 0 20 0 20 0 3 20 3 6
split_gain=130.366 70.8746 45.6376 88.8915 105.771 369.695 51.9193 50.2675 39.9338 25.7876 22.0516 21.5874 15.2971 13.2622 21.4855 12.6383 6.9786 6.78398 1.98337 1.78578 1.38445 0.393578 0.00230003
threshold=1.0000000180025095e-35 1.5000000000000002 1.5000000000000002 4.5000000000000009 3.5000000000000004 2.5000000000000004 2.5000000000000004 4.5000000000000009 1.0000000180025095e-35 1.0000000180025095e-35 3.5000000000000004 3.5000000000000004 4.5000000000000009 3.5000000000000004 2.5000000000000004 2.5000000000000004 1.5000000000000002 2.5000000000000004 1.5000000000000002 1.0000000180025095e-35 1.5000000000000002 4.5000000000000009 1.0000000180025095e-35
decision_type=2 2 2 2 2 2 2 2 2 2 2 2 2 2 2 2 2 2 2 2 2 2 2
left_child=1 16 6 4 8 7 -2 20 10 17 -4 15 -11 14 18 -10 19 -5 -3 -1 -6 -15 -21
right_child=2 13 3 9 5 -7 -8 -9 11 12 -12 -13 -14 21 -16 -17 -18 -19 -20 22 -22 -23 -24
leaf_value=1.9521276356003983 2.0173102906959985 1.8574855517743623 1.9329286053941215 2.0696527520512951 1.7862305434703685 2.0231704075765071 2.0902004765842626 1.614118883082541 2.0568844572810598 2.0021633555088498 2.013667747612681 2.0062347130887175 2.0396446101164432 1.7288910623970009 2.0106304176790153 2.0270698071606548 2.0690729682601701 2.0487803942488667 1.7996824883708298 1.9868820577809323 1.8200067970495437 1.7623756811758449 1.9884502751700111
leaf_weight=5.6917132835369602 41.476873082923703 2.279602191410957 18.714572820113972 68.617556569166481 5.8531465302221495 44.267248904099688 59.4433678612113 4.906323557952418 57.624149658251554 40.536887388676405 15.429201380815355 79.157163090072572 82.87717666476965 1.4895511094946408 1.9066550952848045 92.764265228994191 2.2256562069524071 89.978463778272271 4.2522408931981772 5.1184296628925949 6.2985657081007957 2.1359658578876406 4.3042722507379949
leaf_count=111 66 23 67 20 24 51 11 18 40 45 26 14 15 39 23 20 12 26 73 76 30 39 59
internal_value=2.02482 1.92166 2.02911 2.02393 2.00611 1.94696 2.06024 1.7492 2.01987 2.04447 1.96941 2.02737 2.02733 1.8286 1.86296 2.03849 1.98641 2.05781 1.81986 1.97424 1.80374 1.74862 1.9876
internal_weight=737.349 29.4041 707.945 607.025 325.015 61.3253 100.92 17.058 263.689 282.01 34.1438 229.546 123.414 12.064 8.4385 150.388 17.3401 158.596 6.53184 15.1144 12.1517 3.62552 9.4227
internal_count=928 455 473 396 290 123 77 72 167 106 93 74 60 197 119 60 258 46 96 246 54 78 135
is_linear=0
shrinkage=1


Tree=1
num_leaves=23
num_cat=0
split_feature=4 3 3 2 3 20 0 0 21 6 10 0 3 0 0 20 3 0 3 20 3 6
split_gain=117.655 63.9643 41.1879 80.2246 95.4582 333.65 46.8572 45.3664 26.1578 23.2734 13.9803 13.8056 11.9692 19.3906 6.29818 6.12254 4.46565 1.78999 1.61167 1.24946 0.355203 0.00207578
threshold=1.0000000180025095e-35 1.5000000000000002 1.5000000000000002 4.5000000000000009 3.5000000000000004 2.5000000000000004 2.5000000000000004 4.5000000000000009 1.0000000180025095e-35 1.0000000180025095e-35 1.0000000180025095e-35 4.5000000000000009 3.5000000000000004 2.5000000000000004 1.5000000000000002 2.5000000000000004 2.5000000000000004 1.5000000000000002 1.0000000180025095e-35 1.5000000000000002 4.5000000000000009 1.0000000180025095e-35
decision_type=2 2 2 2 2 2 2 2 2 2 2 2 2 2 2 2 2 2 2 2 2 2
left_child=1 14 6 4 8 7 -2 19 10 15 16 -11 13 17 18 -5 -4 -3 -1 -6 -14 -20
right_child=2 12 3 9 5 -7 -8 -9 -10 11 -12 -13 20 -15 -16 -17 -18 -19 21 -21 -22 -23
leaf_value=-0.072884201581143379 -0.01096067971291202 -0.16279419082096902 -0.024579794299902018 0.038764661540968026 -0.23048644999185114 -0.0053935691126864582 0.058284998225321238 -0.39399251630059084 0.0084681869407772416 -0.025350268408950095 0.0042992619374664929 0.01025692552372872 -0.28495894080885958 -0.017306558912410897 0.038213864819061798 0.018935919518676014 -0.045985047390776267 -0.21770709076947489 -0.039867501719526605 -0.1983990037149945 -0.25314857529668328 -0.038377692474629285
leaf_weight=5.6917132835369602 41.476873082923703 2.279602191410957 69.340747359674424 68.617556569166481 5.8531465302221495 44.267248904099688 59.4433678612113 4.906323557952418 121.7642899597995 40.536887388676405 35.017583743669093 82.87717666476965 1.4895511094946408 1.9066550952848045 2.2256562069524071 89.978463778272271 37.566731115104631 4.2522408931981772 5.1184296628925949 6.2985657081007957 2.1359658578876406 4.3042722507379949
leaf_count=111 66 23 54 20 24 51 11 18 49 45 29 15 39 23 12 26 35 73 76 30 39 59
internal_value=-0.00382253 -0.101824 0.000247925 -0.00466954 -0.0216013 -0.0777903 0.0298259 -0.265667 -0.00853359 0.0148442 -0.0231202 -0.0014387 -0.190237 -0.157593 -0.0403131 0.0275149 -0.0321015 -0.198543 -0.0518765 -0.213855 -0.266218 -0.039187
internal_weight=737.349 29.4041 707.945 607.025 325.015 61.3253 100.92 17.058 263.689 282.01 141.925 123.414 12.064 8.4385 17.3401 158.596 106.907 6.53184 15.1144 12.1517 3.62552 9.4227
internal_count=928 455 473 396 290 123 77 72 167 106 118 60 197 119 258 46 89 96 246 54 78 135
is_linear=0
shrinkage=0.05


Tree=2
num_leaves=25
num_cat=0
split_feature=4 3 0 3 0 2 3 20 3 21 6 6 3 0 0 3 0 3 6 3 2 5 20 6
split_gain=106.184 57.7278 38.777 68.7275 67.5252 60.2045 86.5981 327.951 25.1498 17.946 17.4468 17.0379 10.8022 17.5 5.68411 1.70943 1.61546 1.45453 0.906415 0.320571 0.124895 0.086944 0.0838763 0.00187339
threshold=1.0000000180025095e-35 1.5000000000000002 2.5000000000000004 1.5000000000000002 1.5000000000000002 4.5000000000000009 3.5000000000000004 2.5000000000000004 2.5000000000000004 1.0000000180025095e-35 1.0000000180025095e-35 1.0000000180025095e-35 3.5000000000000004 2.5000000000000004 1.5000000000000002 3.5000000000000004 1.5000000000000002 1.0000000180025095e-35 1.0000000180025095e-35 4.5000000000000009 3.5000000000000004 1.0000000180025095e-35 2.5000000000000004 1.0000000180025095e-35
decision_type=2 2 2 2 2 2 2 2 2 2 2 2 2 2 2 2 2 2 2 2 2 2 2 2
left_child=1 14 4 -4 15 6 9 11 -6 20 -7 -8 13 16 17 18 -3 -1 21 -14 -5 -2 -20 -19
right_child=2 12 3 5 8 10 7 -9 -10 -11 -12 -13 19 -15 -16 -17 -18 23 22 -21 -22 -23 -24 -25
leaf_value=-0.069239991829341832 -0.24253388053490671 -0.15465447090387111 0.05537074894607779 -0.013877764315446196 0.00047059197308571305 0.02720290166528995 -0.22046135259674127 -0.0039896201106486345 -0.069554485948109132 0.011862990600759101 0.0017841533086775556 -0.33062302220403716 -0.27071099379655228 -0.016441224025789951 0.036303172410821281 -0.12714467133534235 -0.20682173813701607 -0.037874123617650336 -0.18633186110362321 -0.24049114070117952 -0.016899514532385036 -0.21577471698691483 -0.1725757704829409 -0.036458808369107969
leaf_weight=5.6917132835369602 0.62603651382960268 2.279602191410957 59.4433678612113 66.850040018092841 47.598006317159161 151.94120541587472 6.4293808990623784 44.059665367938578 17.550179515499622 107.66148057207465 121.47972323931754 7.7296086377464235 1.4895511094946408 1.9066550952848045 2.2256562069524071 1.2703757048584519 4.2522408931981772 5.1184296628925949 2.9297555745579302 2.1359658578876406 70.004634349606931 0.58928649814333767 1.7822157386690376 4.3042722507379949
leaf_count=111 32 23 11 41 45 27 19 40 58 20 34 29 39 23 12 20 73 76 33 39 13 32 19 59
internal_value=-0.0036314 -0.0967333 0.000235529 0.00418349 -0.0344495 -0.00109763 -0.0164579 -0.0712623 -0.0183934 -0.00340913 0.0159095 -0.2806 -0.180725 -0.149713 -0.0382974 -0.179778 -0.188615 -0.0492827 -0.191059 -0.252907 -0.0154235 -0.229559 -0.181129 -0.0372276
internal_weight=737.349 29.4041 707.945 635.599 72.3459 576.156 302.735 58.2187 65.1482 244.516 273.421 14.159 12.064 8.4385 17.3401 7.19767 6.53184 15.1144 5.92729 3.62552 136.855 1.21532 4.71197 9.4227
internal_count=928 455 473 234 239 223 162 88 103 74 61 48 197 119 258 136 96 246 116 78 54 64 52 135
is_linear=0
shrinkage=0.05


Tree=3
num_leaves=25
num_cat=0
split_feature=4 3 3 0 7 0 20 3 5 7 0 22 3 0 18 20 5 22 0 0 3 7 19 3
split_gain=95.8308 52.0993 35.7763 148.38 49.1245 39.8587 38.4111 14.4747 51.2783 51.3679 11.708 10.1404 9.74896 15.7938 7.03607 16.9434 16.0747 9.50627 5.12991 1.45796 1.31271 1.20785 0.675685 0.289316
threshold=1.0000000180025095e-35 1.5000000000000002 3.5000000000000004 4.5000000000000009 1.0000000180025095e-35 2.5000000000000004 2.5000000000000004 1.5000000000000002 1.0000000180025095e-35 1.0000000180025095e-35 3.5000000000000004 1.0000000180025095e-35 3.5000000000000004 2.5000000000000004 1.0000000180025095e-35 1.5000000000000002 1.0000000180025095e-35 1.0000000180025095e-35 1.5000000000000002 1.5000000000000002 1.0000000180025095e-35 1.0000000180025095e-35 1.0000000180025095e-35 4.5000000000000009
decision_type=2 2 2 2 2 2 2 2 2 2 2 2 2 2 2 2 2 2 2 2 2 2 2 2
left_child=1 18 5 6 -5 7 10 21 9 -9 22 -8 13 19 15 -7 -17 -16 20 -3 -1 -2 -4 -14
right_child=2 12 3 4 -6 14 11 8 -10 -11 -12 -13 23 -15 17 16 -18 -19 -20 -21 -22 -23 -24 -25
leaf_value=-0.065777993219641603 -0.017629388400272339 -0.14692174354489976 -0.099888646310054396 -0.022969997125163191 0.033568882684109659 0.025354782562976116 -0.11269382916589446 -0.34783109795338674 -0.017232452100398098 -0.066787193120148358 -0.22538573524856456 -0.020711844784310214 -0.25717544668739073 -0.01561916979358724 0.0074719385352076464 0.011992341238669831 -0.01866456004523 0.029568606356370316 0.034488015464074352 -0.19648064953495636 -0.035366234500823143 -0.00050852153464714248 -0.14147818551603158 -0.22846657814284468
leaf_weight=5.6917132835369602 22.414560375153087 2.279602191410957 1.8896929225884389 99.576886761235073 62.552932269871235 83.67080077342689 6.2495291645172966 2.6420093670021769 20.708137111272663 4.2272848417051136 8.7837116788141429 5.7560772453434765 1.4895511094946408 1.9066550952848045 89.549313887488097 93.204104078933597 79.002189848572016 106.63429866638035 2.2256562069524071 4.2522408931981772 9.4227019136305898 19.062312707770616 2.0211205235682428 2.1359658578876406
leaf_count=111 56 23 14 40 11 19 30 52 56 24 20 19 39 23 31 29 16 16 12 73 135 10 30 39
internal_value=-0.00344983 -0.0918966 0.000223752 -0.0185483 -0.00115616 0.0069539 -0.132709 -0.0284269 -0.056501 -0.17488 -0.193345 -0.0685931 -0.171689 -0.142228 0.0123585 0.00689647 -0.00207197 0.0194824 -0.0363826 -0.179185 -0.0468185 -0.00976083 -0.121382 -0.240262
internal_weight=737.349 29.4041 707.945 186.83 162.13 521.115 24.7001 69.0543 27.5774 6.86929 12.6945 12.0056 12.064 8.4385 452.061 255.877 172.206 196.184 17.3401 6.53184 15.1144 41.4769 3.91081 3.62552
internal_count=928 455 473 164 51 309 113 198 132 76 64 49 197 119 111 64 45 47 258 96 246 66 44 78
is_linear=0
shrinkage=0.05


Tree=4
num_leaves=25
num_cat=0
split_feature=4 3 3 2 3 20 0 0 7 6 20 0 0 3 0 20 0 2 0 3 20 22 3 6
split_gain=86.4873 47.0197 32.6014 60.8421 70.1278 259.768 43.0403 36.1006 21.2427 16.9031 14.6042 12.7886 11.1983 8.79843 14.2539 5.38005 4.62974 1.45402 1.31581 1.18473 1.05574 0.966114 0.261107 0.00169073
threshold=1.0000000180025095e-35 1.5000000000000002 1.5000000000000002 4.5000000000000009 3.5000000000000004 2.5000000000000004 4.5000000000000009 2.5000000000000004 1.0000000180025095e-35 1.0000000180025095e-35 3.5000000000000004 4.5000000000000009 3.5000000000000004 3.5000000000000004 2.5000000000000004 2.5000000000000004 1.5000000000000002 2.5000000000000004 1.5000000000000002 1.0000000180025095e-35 1.5000000000000002 1.0000000180025095e-35 4.5000000000000009 1.0000000180025095e-35
decision_type=2 2 2 2 2 2 2 2 2 2 2 2 2 2 2 2 2 2 2 2 2 2 2 2
left_child=1 16 7 4 8 6 20 -2 10 15 12 -11 17 14 18 -5 19 -4 -3 -1 -6 -10 -15 -21
right_child=2 13 3 9 5 -7 -8 -9 21 11 -12 -13 -14 22 -16 -17 -18 -19 -20 23 -22 -23 -24 -25
leaf_value=-0.062489096166477721 -0.0092727854869131317 -0.13957566433328225 -0.063741501973662837 0.034175197161480368 -0.19766497408345987 -0.0031877746466900062 -0.35783570891553801 0.051507327561940645 0.0075913893024181145 -0.024059350701145673 -0.00077863614859093207 0.010211254030400343 -0.018086013200742403 -0.24431667995983461 -0.014838208701643299 0.015587631599812916 0.032763608538631077 -0.04292585462453067 -0.18665661510236672 -0.03421210661802581 -0.16816977611977593 0.018652055870709807 -0.21704325192812229 -0.032867556588379275
leaf_weight=5.6917132835369602 41.476873082923703 2.279602191410957 16.40468146209605 68.617556569166481 5.8531465302221495 44.267248904099688 4.906323557952418 59.4433678612113 35.29604077199474 40.536887388676405 78.579180302098393 82.87717666476965 71.436003138311207 1.4895511094946408 1.9066550952848045 89.978463778272271 2.2256562069524071 17.170402330346406 4.2522408931981772 5.1184296628925949 6.2985657081007957 44.803044173400849 2.1359658578876406 4.3042722507379949
leaf_count=111 66 23 54 20 24 51 18 11 16 45 7 15 24 39 23 26 12 33 73 76 30 33 39 59
internal_value=-0.00327734 -0.0873018 0.000212564 -0.0041624 -0.0189076 -0.067068 -0.232843 0.0265275 -0.00770708 0.0128313 -0.0170809 -0.00104535 -0.0292798 -0.163105 -0.135116 0.0236297 -0.0345634 -0.0530963 -0.170225 -0.0444776 -0.182377 0.0137781 -0.228249 -0.0335979
internal_weight=737.349 29.4041 707.945 607.025 325.015 61.3253 17.058 100.92 263.689 282.01 183.59 123.414 105.011 12.064 8.4385 158.596 17.3401 33.5751 6.53184 15.1144 12.1517 80.0991 3.62552 9.4227
internal_count=928 455 473 396 290 123 72 77 167 106 118 60 111 197 119 46 258 87 96 246 54 49 78 135
is_linear=0
shrinkage=0.05


Tree=5
num_leaves=18
num_cat=0
split_feature=0 2 20 5 2 22 20 0 10 0 0 20 22 10 2 20 0
split_gain=171.746 82.2412 80.131 43.7871 56.2604 43.619 32.3058 17.2844 15.697 15.1711 6.65362 5.30262 2.66462 0.544685 0.337384 0.133817 0.0311417
threshold=1.5000000000000002 1.5000000000000002 1.5000000000000002 1.0000000180025095e-35 3.5000000000000004 1.0000000180025095e-35 1.0000000180025095e-35 3.5000000000000004 1.0000000180025095e-35 4.5000000000000009 3.5000000000000004 1.0000000180025095e-35 1.0000000180025095e-35 1.0000000180025095e-35 3.5000000000000004 1.5000000000000002 2.5000000000000004
decision_type=2 2 2 2 2 2 2 2 2 2 2 2 2 2 2 2 2
left_child=5 2 6 4 -3 14 16 -4 10 12 -5 -7 -6 -8 -1 -13 -2
right_child=1 3 7 8 9 11 13 -9 -10 -11 -12 15 -14 -15 -16 -17 -18
leaf_value=-0.2048961855015321 -0.15772404793419192 -0.083028644164815146 0.0080475845384644171 0.034356937605471947 -0.019809856269694295 -0.063757903973264987 -0.063273763991433349 -0.028559935349084509 0.0094388655464096791 0.031924119922702499 0.021105917231446159 -0.14950033208944416 -0.0016403788409258741 -0.049799529157961417 -0.18642425994403913 -0.18085025734622018 -0.15251301636017511
leaf_weight=6.1042566740652564 6.0322152348235232 22.393136471975595 90.935622891644016 150.4298613043502 29.528600328136235 18.722432230366397 15.319045568816364 49.959088708274066 220.35678660823032 33.293927855789661 255.8586955612991 0.65214073145761975 63.726734261028469 14.695049867033958 4.1542307734489441 0.71204981161281466 5.464069087523967
leaf_count=75 92 56 37 34 45 245 28 37 46 19 26 18 18 12 38 24 83
internal_value=0.00357816 0.00728773 -0.0229209 0.0143923 -0.00997624 -0.113533 -0.0839758 -0.00493288 0.0201842 0.00295052 0.0260122 -0.0706925 -0.00739361 -0.0566767 -0.197416 -0.165864 -0.155247
internal_weight=988.338 957.993 182.405 775.588 148.942 30.3451 41.5104 140.895 626.645 126.549 406.289 20.0866 93.2553 30.0141 10.2585 1.36419 11.4963
internal_count=933 533 289 244 138 400 215 74 106 82 60 287 63 40 113 42 175
is_linear=0
shrinkage=0.05


Tree=6
num_leaves=28
num_cat=0
split_feature=0 2 20 3 5 2 22 0 6 3 10 0 3 3 6 3 0 2 10 3 3 0 3 2 2 20 6
split_gain=155.001 74.2227 72.3182 73.7438 39.5178 50.775 39.3661 37.9021 31.2518 20.9062 14.1665 13.6919 10.1348 8.74067 7.76946 6.45041 6.0049 5.4548 4.51598 1.69384 0.963219 0.74135 1.86581 0.10765 0.0989716 0.0670456 0.0309123
threshold=1.5000000000000002 1.5000000000000002 1.5000000000000002 3.5000000000000004 1.0000000180025095e-35 3.5000000000000004 1.0000000180025095e-35 2.5000000000000004 1.0000000180025095e-35 3.5000000000000004 1.0000000180025095e-35 4.5000000000000009 1.5000000000000002 2.5000000000000004 1.0000000180025095e-35 1.5000000000000002 3.5000000000000004 1.5000000000000002 1.0000000180025095e-35 1.0000000180025095e-35 2.5000000000000004 3.5000000000000004 4.5000000000000009 3.5000000000000004 3.5000000000000004 1.0000000180025095e-35 1.0000000180025095e-35
decision_type=2 2 2 2 2 2 2 2 2 2 2 2 2 2 2 2 2 2 2 2 2 2 2 2 2 2 2
left_child=6 2 3 7 5 8 14 12 -3 -4 16 13 -2 -7 17 19 -6 -1 -9 -8 -14 22 -5 -19 -16 -17 -21
right_child=1 4 9 21 10 11 15 18 -10 -11 -12 -13 20 -15 24 25 -18 23 -20 26 -22 -23 -24 -25 -26 -27 -28
leaf_value=-0.36586939219262449 -0.039282377181600686 -0.033906187547882341 0.0090549616795606979 -0.16117285356793018 0.032639091412082655 0.0079426719660770483 -0.084445119282301029 0.00028518406424394611 -0.1564604203597868 -0.031682044530977629 0.0089669235294318091 0.03032791222470553 -0.17583662375230083 -0.02268018774287188 -0.16248707444257549 -0.13494662722719084 0.020050620481402839 -0.17698064256777529 -0.040827238724934593 -0.045061997127655136 -0.22427700710219708 -0.22467213804434497 -0.23205753880058341 -0.21193378537740865 -0.17338375917557208 -0.15152765316058597 -0.049952198908323239
leaf_weight=0.93051571224350549 1.4365197040606279 14.176020743325353 93.368839419912547 1.9540808200836166 150.4298613043502 47.677775281947106 4.1761828276794448 13.532329104375094 8.2171157286502421 47.525872180005535 220.35678660823032 33.293927855789661 3.431707002222538 45.577559307217598 4.6846466173883528 1.2001629928126925 255.8586955612991 0.48909434443339705 13.190194472670555 5.3810683095362029 1.4640670509543268 4.7329801279120147 1.7685014759190378 0.40079913102090359 3.7534316424280405 1.2390955185983328 8.0901131248101592
leaf_count=21 13 20 30 29 34 25 95 33 36 44 46 19 46 38 31 18 26 23 7 83 41 15 31 20 18 34 57
internal_value=0.00339925 0.00692334 -0.0217748 -0.079777 0.0136727 -0.00947743 -0.107856 -0.0460709 -0.0788772 -0.00468623 0.019175 0.00280299 -0.156058 -0.00702393 -0.187545 -0.0671578 0.0247115 -0.281228 -0.0200078 -0.0566237 -0.190323 -0.211542 -0.194848 -0.192723 -0.167334 -0.143369 -0.0479988
internal_weight=988.338 957.993 182.405 41.5104 775.588 148.942 30.3451 33.0548 22.3931 140.895 626.645 126.549 6.33229 93.2553 10.2585 20.0866 406.289 1.82041 26.7225 17.6474 4.89577 8.45556 3.72258 0.889893 8.43808 2.43926 13.4712
internal_count=933 533 289 215 244 138 400 140 56 74 106 82 100 63 113 287 60 64 40 235 87 75 60 43 49 52 140
is_linear=0
shrinkage=0.05


Tree=7
num_leaves=23
num_cat=0
split_feature=0 19 3 20 5 22 0 20 5 0 3 22 10 6 3 0 3 10 3 0 20 6
split_gain=139.888 42.5557 84.304 284.756 46.0576 35.5279 31.4096 20.0046 18.0539 22.1916 17.7353 27.6032 14.1989 7.01194 5.8215 5.76129 4.32233 4.17461 1.52869 0.855843 0.0605086 0.0278983
threshold=1.5000000000000002 1.0000000180025095e-35 3.5000000000000004 2.5000000000000004 1.0000000180025095e-35 1.0000000180025095e-35 4.5000000000000009 1.5000000000000002 1.0000000180025095e-35 4.5000000000000009 1.5000000000000002 1.0000000180025095e-35 1.0000000180025095e-35 1.0000000180025095e-35 1.5000000000000002 3.5000000000000004 4.5000000000000009 1.0000000180025095e-35 1.0000000180025095e-35 2.5000000000000004 1.0000000180025095e-35 1.0000000180025095e-35
decision_type=2 2 2 2 2 2 2 2 2 2 2 2 2 2 2 2 2 2 2 2 2 2
left_child=5 2 7 6 10 13 16 8 9 19 -3 17 15 -1 18 -6 -4 -12 -7 -2 -16 -20
right_child=1 4 3 -5 12 14 -8 -9 -10 -11 11 -13 -14 -15 20 -17 -18 -19 21 -21 -22 -23
leaf_value=-0.26716675823936142 -0.12473617892882971 0.010106053938534483 -0.22614540317237772 0.0024654214084551453 0.031351058130228295 -0.080222861491192163 -0.36865464737489956 0.016357265027179036 -0.0013270393165300889 -0.00053872289736521517 -0.085296359223075172 -0.0089104736641818141 0.0071518000824638385 -0.15896743349922446 -0.12819929282004405 0.019017222351540294 -0.15678366533068211 -0.039305102131071211 -0.042808897603790641 -0.092711279084379428 -0.14395127146180511 -0.047454585628784351
leaf_weight=1.8204091876978061 6.2312875955831277 41.394372312817723 7.9525137934833747 41.977442685281858 150.25101092923433 4.1761828276794448 4.0917549058794966 123.96044011367485 42.678063940489665 7.9777189609594634 18.627427970990542 49.33518894482404 194.53600539732724 8.4380782598163933 1.2001629928126925 256.00138955772854 3.130075010471046 6.7119408473372451 5.3810683095362029 3.1362007828429341 1.2390955185983328 8.0901131248101592
leaf_count=64 94 13 37 34 31 95 8 46 19 2 51 33 49 49 18 26 38 24 83 28 34 57
internal_value=0.00322929 0.00657717 -0.0115928 -0.064637 0.0126892 -0.102463 -0.250265 0.00488463 -0.0188087 -0.0618226 -0.016145 -0.0306967 0.0182598 -0.178168 -0.0637999 0.0235788 -0.206555 -0.0731141 -0.0537925 -0.114014 -0.136201 -0.0455989
internal_weight=988.338 957.993 241.135 57.1518 716.857 30.3451 15.1743 183.984 60.0233 17.3452 116.069 74.6746 600.788 10.2585 20.0866 406.252 11.0826 25.3394 17.6474 9.36749 2.43926 13.4712
internal_count=933 533 306 117 227 400 83 189 143 124 121 108 106 113 287 57 75 75 235 122 52 140
is_linear=0
shrinkage=0.05


Tree=8
num_leaves=24
num_cat=0
split_feature=0 2 3 20 3 0 0 22 5 2 0 10 3 3 3 5 20 5 3 3 2 3 20
split_gain=126.249 61.8137 62.1831 128.196 114.774 38.7152 33.897 32.0639 31.8729 41.5502 11.9172 11.3515 7.43722 5.54525 5.2539 2.76481 10.5034 2.11569 1.37964 0.958443 0.251066 0.212334 0.054609
threshold=1.5000000000000002 1.5000000000000002 1.5000000000000002 2.5000000000000004 3.5000000000000004 2.5000000000000004 4.5000000000000009 1.0000000180025095e-35 1.0000000180025095e-35 3.5000000000000004 4.5000000000000009 1.0000000180025095e-35 2.5000000000000004 3.5000000000000004 1.5000000000000002 1.0000000180025095e-35 1.5000000000000002 1.0000000180025095e-35 1.0000000180025095e-35 2.5000000000000004 3.5000000000000004 4.5000000000000009 1.0000000180025095e-35
decision_type=2 2 2 2 2 2 2 2 2 2 2 2 2 2 2 2 2 2 2 2 2 2 2
left_child=7 2 -2 4 5 19 15 20 9 -3 12 13 -11 -10 18 16 21 -7 -9 -4 -1 -6 -16
right_child=1 8 3 -5 6 17 -8 14 11 10 -12 -13 -14 -15 22 -17 -18 -19 -20 -21 -22 -23 -24
leaf_value=-0.17571229241052214 0.078704509530349687 -0.07116270931628732 -0.1618218732442667 -0.0014790677283123815 -0.22083571820489653 -0.011140760780676323 -0.33332280285198412 -0.076211722642078428 0.018109131795974731 0.0073637353936663839 0.028405221543705585 0.0082114515867007434 -0.020883679449496286 0.030436942240632953 -0.12178932908889804 -0.19642882830575498 -0.062700639959870824 -0.038840888900957153 -0.04331892165068351 -0.20971873652472195 -0.15977757965133921 -0.19344060799471569 -0.13675370826264324
leaf_weight=6.1042566740652564 14.689027316169811 22.393136471975595 3.4605864845216265 121.14912251732312 1.1147395847365245 14.281637649517506 4.4206902198493472 4.1761828276794448 267.99792210385203 47.677775281947106 33.293927855789661 220.35678660823032 45.577559307217598 138.29063476179726 1.2001629928126925 4.1892132442444563 2.3440952692180872 13.324756267946213 13.471181434346363 1.4959692039992658 4.1542307734489441 1.9352536005899308 1.2390955185983328
leaf_count=75 20 56 47 50 27 32 11 95 33 25 19 46 38 27 18 10 7 13 140 42 38 30 34
internal_value=0.00306782 0.00624831 -0.0199413 -0.0285809 -0.0990894 -0.0476119 -0.218788 -0.0973401 0.0124077 -0.00838294 0.00272606 0.0173492 -0.00644189 0.0223052 -0.0606099 -0.165954 -0.142287 -0.0245108 -0.0511029 -0.176278 -0.169259 -0.203453 -0.129391
internal_weight=988.338 957.993 182.405 167.716 46.5669 32.5629 14.004 30.3451 775.588 148.942 126.549 626.645 93.2553 406.289 20.0866 9.5833 5.39409 27.6064 17.6474 4.95656 10.2585 3.04999 2.43926
internal_count=933 533 289 269 219 134 85 400 244 138 82 106 63 60 287 74 64 45 235 89 113 57 52
is_linear=0
shrinkage=0.05


Tree=9
num_leaves=24
num_cat=0
split_feature=0 2 3 20 3 0 0 5 2 2 0 10 3 19 3 0 5 20 3 5 3 2 3
split_gain=113.94 55.7869 56.1202 115.697 103.584 34.9405 30.592 28.7653 37.4991 27.3102 10.7552 10.2447 6.71209 5.4695 6.38644 5.11966 2.49524 9.4793 2.271 1.90941 0.864995 0.209224 0.191631
threshold=1.5000000000000002 1.5000000000000002 1.5000000000000002 2.5000000000000004 3.5000000000000004 2.5000000000000004 4.5000000000000009 1.0000000180025095e-35 3.5000000000000004 1.0000000180025095e-35 4.5000000000000009 1.0000000180025095e-35 2.5000000000000004 1.0000000180025095e-35 1.5000000000000002 3.5000000000000004 1.0000000180025095e-35 1.5000000000000002 1.0000000180025095e-35 1.0000000180025095e-35 2.5000000000000004 3.5000000000000004 4.5000000000000009
decision_type=2 2 2 2 2 2 2 2 2 2 2 2 2 2 2 2 2 2 2 2 2 2 2
left_child=9 2 -2 4 5 20 16 8 -3 18 12 15 -10 14 -11 -9 17 22 -1 -7 -4 -15 -6
right_child=1 7 3 -5 6 19 -8 11 10 13 -12 -13 -14 21 -16 -17 -18 -19 -20 -21 -22 -23 -24
leaf_value=-0.087025848409968534 0.074769287966089851 -0.067604573091046061 -0.15373078446965904 -0.0014051143086487286 -0.20979393474673269 -0.010583722733491108 -0.31665668490042176 0.028509873971842566 0.0069955489851608738 -0.33374513588934701 0.02698496024497616 0.0078008782185025119 -0.019839495889784162 -0.13329802931174803 -0.13132659404965918 0.016886273977017106 -0.18660739751793087 -0.059565607405649201 -0.046622590056548827 -0.036898844585213482 -0.19923280328284421 -0.14806134457691575 -0.18376858269793475
leaf_weight=4.5654717113357082 14.689027316169811 22.393136471975595 3.4605864845216265 121.14912251732312 1.1147395847365245 14.281637649517506 4.4206902198493472 150.4298613043502 47.677775281947106 0.85144624894018928 33.293927855789661 220.35678660823032 45.577559307217598 4.9571146408561617 0.7184973752591759 255.8586955612991 4.1892132442444563 2.3440952692180872 14.600626044441015 13.324756267946213 1.4959692039992658 4.6519542001187801 1.9352536005899308
leaf_count=109 20 56 47 50 27 32 11 34 25 17 19 46 38 50 29 26 10 7 152 13 42 43 30
internal_value=0.00291443 0.0059359 -0.0189442 -0.0271519 -0.094135 -0.0452313 -0.207849 0.0117873 -0.00796379 -0.0924731 0.00258976 0.0164818 -0.0061198 -0.154582 -0.241107 0.02119 -0.157657 -0.135172 -0.0562469 -0.0232852 -0.167464 -0.140445 -0.193281
internal_weight=988.338 957.993 182.405 167.716 46.5669 32.5629 14.004 775.588 148.942 30.3451 126.549 626.645 93.2553 11.179 1.56994 406.289 9.5833 5.39409 19.1661 27.6064 4.95656 9.60907 3.04999
internal_count=933 533 289 269 219 134 85 244 138 400 82 106 63 139 46 60 74 64 261 45 89 93 57
is_linear=0
shrinkage=0.05


Tree=10
num_leaves=32
num_cat=0
split_feature=1 2 3 20 1 2 3 1 10 3 3 3 21 19 1 3 20 2 3 3 3 1 20 1 21 1 3 20 20 2 3
split_gain=88.6829 43.9841 37.9213 130.15 33.4831 31.3388 14.8548 16.9802 11.7764 13.258 27.1799 14.1917 9.39412 7.28055 7.10757 6.91543 6.93527 5.00855 4.81865 4.0348 3.4316 2.33519 5.85247 2.17059 1.80673 3.19905 0.61313 1.33074 0.208671 0.0289656 0.0134512
threshold=1.0000000180025095e-35 1.5000000000000002 3.5000000000000004 2.5000000000000004 3.5000000000000004 1.0000000180025095e-35 2.5000000000000004 2.5000000000000004 1.0000000180025095e-35 6.5000000000000009 3.5000000000000004 4.5000000000000009 1.0000000180025095e-35 1.0000000180025095e-35 3.5000000000000004 2.5000000000000004 3.5000000000000004 4.5000000000000009 1.5000000000000002 1.5000000000000002 1.0000000180025095e-35 2.5000000000000004 1.5000000000000002 1.5000000000000002 1.0000000180025095e-35 1.5000000000000002 1.5000000000000002 1.5000000000000002 2.5000000000000004 4.5000000000000009 4.5000000000000009
decision_type=2 2 2 2 2 2 2 2 2 2 2 2 2 2 2 2 2 2 2 2 2 2 2 2 2 2 2 2 2 2 2
left_child=5 2 15 4 12 18 7 23 14 10 -10 -12 21 19 17 24 -17 28 20 -7 -1 22 30 -3 25 -2 -15 -28 -8 -29 -4
right_child=1 6 3 -5 -6 13 8 -9 9 -11 11 -13 -14 26 -16 16 -18 -19 -20 -21 -22 -23 -24 -25 -26 -27 27 29 -30 -31 -32
leaf_value=-0.071846884979667847 -0.033903035813309217 0.0018859925881630924 -0.19137939347626456 -0.013427290965601439 -0.31303564051996002 -0.3117740921921171 0.031876186604368452 -0.022783794020953204 0.016523712965336987 0.017314883290107021 -0.052032769904661894 -0.0025547510949850243 -0.036576512350349304 -0.13314362954963574 0.0076896907380306113 -0.032839391156534371 -0.0021700720286143525 0.015119237330493954 -0.10932246418920251 -0.15372670103287223 -0.021279906122032115 -0.21692047373719192 -0.059153186191873999 0.016083371649523687 0.01968620584730231 0.015210302026729317 -0.067400124803433839 -0.13458585666140821 0.028222374143633634 -0.1239678662382443 -0.18442033550526446
leaf_weight=4.3021275913342878 4.9690425414592019 49.860262852162123 1.3004525180440381 50.322464897064492 4.1313664205372334 0.86464257922488907 78.244217656552792 64.919042184017599 65.60846437048167 128.01807529479265 32.966753769665956 25.862041898071766 1.8064325698651371 7.3009860934689641 82.242123082280159 24.085359456716105 78.544202188029885 87.64695836789906 2.2734284815378478 0.75768547435291111 15.240935359150171 1.6774685159325597 1.2980631887912748 58.517758393660188 34.496469002449885 9.9642536765895766 1.3042686921544375 1.316870104521513 78.059876520186663 1.2538770437240601 1.4899535130243746
leaf_count=98 56 37 37 36 8 18 27 15 16 3 29 15 9 36 21 81 6 27 18 37 135 3 3 29 11 11 20 27 14 19 33
internal_value=0.00176976 0.0045874 -0.0154076 -0.0483562 -0.19854 -0.076865 0.0102802 -0.00256152 0.0141261 0.00601806 -0.00560385 -0.0302815 -0.136073 -0.13898 0.0204012 -0.00196763 -0.00936762 0.0246866 -0.0404262 -0.23796 -0.0324115 -0.167244 -0.146862 0.00955174 0.0133968 -0.00113212 -0.124612 -0.108536 0.0300514 -0.129407 -0.187664
internal_weight=1000.65 966.031 214.086 62.0262 11.7037 34.6148 751.946 173.297 578.649 252.455 124.437 58.8288 7.57237 12.7983 326.193 152.059 102.63 243.951 21.8165 1.62233 19.5431 5.76594 4.08847 108.378 49.4298 14.9333 11.176 3.87502 156.304 2.57075 2.79041
internal_count=935 527 294 129 93 408 233 81 152 63 60 44 85 157 89 165 87 68 251 55 233 76 73 66 78 67 102 66 41 46 70
is_linear=0
shrinkage=0.05


Tree=11
num_leaves=30
num_cat=0
split_feature=0 2 3 0 2 3 0 10 3 3 3 21 19 0 3 21 2 3 3 3 0 0 0 21 0 3 2 3 6
split_gain=80.0364 39.6957 34.224 49.1132 28.2832 13.4064 15.3246 10.6282 11.9654 24.5298 12.808 9.29125 6.5707 6.41458 6.24118 4.60473 4.52022 4.34883 3.6414 3.09702 1.95896 1.76558 4.82488 1.63057 2.88714 0.55335 0.33111 0.0315327 0.0312516
threshold=1.5000000000000002 1.5000000000000002 3.5000000000000004 4.5000000000000009 1.0000000180025095e-35 2.5000000000000004 3.5000000000000004 1.0000000180025095e-35 6.5000000000000009 3.5000000000000004 4.5000000000000009 1.0000000180025095e-35 1.0000000180025095e-35 4.5000000000000009 2.5000000000000004 1.0000000180025095e-35 4.5000000000000009 1.5000000000000002 1.5000000000000002 1.0000000180025095e-35 2.5000000000000004 3.5000000000000004 2.5000000000000004 1.0000000180025095e-35 2.5000000000000004 1.5000000000000002 3.5000000000000004 4.5000000000000009 1.0000000180025095e-35
decision_type=2 2 2 2 2 2 2 2 2 2 2 2 2 2 2 2 2 2 2 2 2 2 2 2 2 2 2 2 2
left_child=4 2 14 11 17 6 20 13 9 -9 -11 21 18 16 23 -16 -7 19 -6 -1 -3 22 -4 24 -2 -14 -27 -24 -21
right_child=1 5 3 -5 12 7 -8 8 -10 10 -12 -13 25 -15 15 -17 -18 -19 -20 28 -22 -23 27 -25 -26 26 -28 -29 -30
leaf_value=-0.068254541011566652 -0.032207881692717287 0.0017916933493255832 -0.067086053081468866 -0.012921751687263248 -0.29618538356351259 0.028548862424105561 -0.021644604696342155 0.015697527504446234 0.016449139615058981 -0.049431131834314176 -0.0024270135146678374 -0.085807689532004627 -0.12648644043060006 0.007305205235065392 -0.02824816825812676 -0.0031020909449731701 0.014363275769887197 -0.10385633702656641 -0.14604036457383149 -0.017209089839433384 0.015279203090164348 -0.19685832689877519 -0.1865053439645914 0.018701897302256933 0.01444978572762138 -0.08431245408867992 -0.11447402479135374 -0.17543881154047627 -0.021920785588601752
leaf_weight=4.3021275913342878 4.9690425414592019 49.860262852162123 1.4708130224607892 39.999252679757774 0.86464257922488907 156.30409417673945 64.919042184017599 65.60846437048167 128.01807529479265 32.966753769665956 25.862041898071766 15.931545940926298 7.3009860934689641 82.242123082280159 23.660116301150993 78.969445343594998 87.64695836789906 2.2734284815378478 0.75768547435291111 5.5147635112516573 58.517758393660188 2.0030093528330326 1.1356255479622634 34.496469002449885 9.9642536765895766 1.4600454024039211 2.4149704379960895 1.4859550793189553 9.7261718478985131
leaf_count=98 56 37 10 15 18 41 15 16 3 29 15 35 36 21 72 15 27 18 37 78 29 5 32 11 11 31 35 32 57
internal_value=0.00168128 0.00435803 -0.0146372 -0.0459384 -0.0730217 0.00976615 -0.00243344 0.0134198 0.00571716 -0.00532365 -0.0287674 -0.105894 -0.132031 0.0193811 -0.00186925 -0.00889924 0.0234523 -0.0384049 -0.226062 -0.0307909 0.00907416 -0.158394 -0.139568 0.0127269 -0.00107552 -0.118381 -0.10311 -0.180233 -0.0202159
internal_weight=1000.65 966.031 214.086 62.0262 34.6148 751.946 173.297 578.649 252.455 124.437 58.8288 22.0269 12.7983 326.193 152.059 102.63 243.951 21.8165 1.62233 19.5431 108.378 6.0954 4.09239 49.4298 14.9333 11.176 3.87502 2.62158 15.2409
internal_count=935 527 294 129 408 233 81 152 63 60 44 114 157 89 165 87 68 251 55 233 66 79 74 78 67 102 66 64 135
is_linear=0
shrinkage=0.05


Tree=12
num_leaves=29
num_cat=0
split_feature=0 2 3 0 2 5 0 3 0 3 21 5 0 2 19 3 3 3 3 5 0 0 3 3 2 3 10 6
split_gain=72.2328 35.8253 30.8871 44.3247 25.5256 16.7307 19.7775 10.6608 10.591 9.00639 8.38535 8.08395 7.35771 6.38118 5.93005 5.08424 3.92482 3.28637 2.79506 1.85554 4.29012 1.72532 4.01728 0.499398 0.298827 0.174157 0.10152 0.0282045
threshold=1.5000000000000002 1.5000000000000002 3.5000000000000004 4.5000000000000009 1.0000000180025095e-35 1.0000000180025095e-35 4.5000000000000009 2.5000000000000004 4.5000000000000009 1.5000000000000002 1.0000000180025095e-35 1.0000000180025095e-35 4.5000000000000009 4.5000000000000009 1.0000000180025095e-35 1.5000000000000002 1.5000000000000002 1.5000000000000002 1.0000000180025095e-35 1.0000000180025095e-35 2.5000000000000004 2.5000000000000004 2.5000000000000004 1.5000000000000002 3.5000000000000004 4.5000000000000009 1.0000000180025095e-35 1.0000000180025095e-35
decision_type=2 2 2 2 2 2 2 2 2 2 2 2 2 2 2 2 2 2 2 2 2 2 2 2 2 2 2 2
left_child=4 2 11 10 16 6 9 -7 13 -3 19 12 15 -9 17 -2 18 -6 -1 20 -4 22 -17 -16 -25 -22 -11 -20
right_child=1 5 3 -5 14 7 -8 8 -10 26 -12 -13 -14 -15 23 21 -18 -19 27 -21 25 -23 -24 24 -26 -27 -28 -29
leaf_value=-0.064841813733143613 -0.018870386986679342 0.00015168097180714166 -0.063679645485720998 -0.012275664414025847 -0.28137608798650732 -0.00024253000268534042 0.027934947610058672 0.029827953726184065 0.0090754971333747141 -0.034129691620392498 -0.081517307187724458 0.0031554620937530664 0.00049629643314362006 0.012565130679171213 -0.12016211608921011 -0.073465093971515849 -0.098663518972899086 -0.13873834499920121 -0.016348637899631428 -0.19580024071052973 -0.18265205226421868 -0.057409676694936677 -0.18843244995823435 -0.08009683388151613 -0.10875032432741566 -0.15807239073972024 -0.029488946965022491 -0.020824743620511198
leaf_weight=4.3021275913342878 5.3485479501541704 39.581503516528755 1.4668145887553699 39.999252679757774 0.86464257922488907 127.53488878440112 30.486306741833687 150.8934905026108 262.77311708405614 16.505036474671215 15.931545940926298 128.54106500162743 11.242178991436958 82.966471480205655 7.3009860934689641 2.5750594700220972 2.2734284815378478 0.75768547435291111 5.5147635112516573 1.647614767309278 1.2197726622689518 3.2745662159286439 1.0779092360753568 1.4600454024039211 2.4149704379960895 1.7612009842414407 41.204759805463254 9.7261718478985131
leaf_count=98 12 18 9 15 18 26 26 38 26 55 35 34 3 17 36 45 18 37 78 3 34 35 36 31 35 33 27 57
internal_value=0.00159721 0.00414013 -0.0139054 -0.0436415 -0.0693706 0.00927785 -0.00720595 0.0126524 0.0159637 -0.0182174 -0.100599 -0.00177579 -0.028728 0.0237036 -0.125429 -0.0554909 -0.0364846 -0.214759 -0.0292514 -0.150474 -0.133684 -0.0837646 -0.107389 -0.112462 -0.0979541 -0.16813 -0.0308162 -0.0192051
internal_weight=1000.65 966.031 214.086 62.0262 34.6148 751.946 127.778 624.168 496.633 97.2913 22.0269 152.059 23.5183 233.86 12.7983 12.2761 21.8165 1.62233 19.5431 6.0954 4.44779 6.92753 3.65297 11.176 3.87502 2.98097 57.7098 15.2409
internal_count=935 527 294 129 408 233 126 107 81 100 114 165 131 55 157 128 251 55 233 79 76 116 81 102 66 67 82 135
is_linear=0
shrinkage=0.05


Tree=13
num_leaves=29
num_cat=0
split_feature=0 2 3 0 2 5 0 3 0 3 21 5 0 2 19 3 3 3 3 5 0 0 3 2 3 3 10 6
split_gain=65.1901 32.3324 27.8756 40.003 23.0369 15.0995 17.8492 9.62137 9.55841 8.12827 7.56778 7.29577 6.64033 5.75901 5.35187 4.58853 3.54215 2.96595 2.52254 1.67462 3.87183 1.5571 3.6256 0.475749 0.36178 0.157177 0.0916214 0.0254545
threshold=1.5000000000000002 1.5000000000000002 3.5000000000000004 4.5000000000000009 1.0000000180025095e-35 1.0000000180025095e-35 4.5000000000000009 2.5000000000000004 4.5000000000000009 1.5000000000000002 1.0000000180025095e-35 1.0000000180025095e-35 4.5000000000000009 4.5000000000000009 1.0000000180025095e-35 1.5000000000000002 1.5000000000000002 1.5000000000000002 1.0000000180025095e-35 1.0000000180025095e-35 2.5000000000000004 2.5000000000000004 2.5000000000000004 3.5000000000000004 1.5000000000000002 4.5000000000000009 1.0000000180025095e-35 1.0000000180025095e-35
decision_type=2 2 2 2 2 2 2 2 2 2 2 2 2 2 2 2 2 2 2 2 2 2 2 2 2 2 2 2
left_child=4 2 11 10 16 6 9 -7 13 -3 19 12 15 -9 17 -2 18 -6 -1 20 -4 22 -17 -16 -25 -22 -11 -20
right_child=1 5 3 -5 14 7 -8 8 -10 26 -12 -13 -14 -15 23 21 -18 -19 27 -21 25 -23 -24 24 -26 -27 -28 -29
leaf_value=-0.061599726993720127 -0.017926867486726172 0.00014409687286421753 -0.060495666100360203 -0.011661881049665361 -0.26730729720532664 -0.00023040318270189992 0.026538203392281447 0.028336555527980242 0.0086217216393156184 -0.032423206359573783 -0.077441439468763612 0.0029976887520162931 0.00047148159657491137 0.011936874879795528 -0.096978023647776079 -0.069791844719695031 -0.093730346008594742 -0.13180142866497113 -0.015531204378354119 -0.18601022252290855 -0.17351945107879285 -0.054539193131802326 -0.17901082158722592 -0.1294691095152484 -0.10331280665957146 -0.15016876623664391 -0.02801449962818553 -0.019783505582365149
leaf_weight=4.3021275913342878 5.3485479501541704 39.581503516528755 1.4668145887553699 39.999252679757774 0.86464257922488907 127.53488878440112 30.486306741833687 150.8934905026108 262.77311708405614 16.505036474671215 15.931545940926298 128.54106500162743 11.242178991436958 82.966471480205655 5.8400109731592238 2.5750594700220972 2.2734284815378478 0.75768547435291111 5.5147635112516573 1.647614767309278 1.2197726622689518 3.2745662159286439 1.0779092360753568 2.9210205227136612 2.4149704379960895 1.7612009842414407 41.204759805463254 9.7261718478985131
leaf_count=98 12 18 9 15 18 26 26 38 26 55 35 34 3 17 55 45 18 37 78 3 34 35 36 12 35 33 27 57
internal_value=0.00151735 0.00393312 -0.0132101 -0.0414594 -0.0659021 0.00881395 -0.00684566 0.0120197 0.0151656 -0.0173065 -0.0955694 -0.001687 -0.0272916 0.0225184 -0.119158 -0.0527164 -0.0346604 -0.204021 -0.0277888 -0.14295 -0.127 -0.0795763 -0.10202 -0.106839 -0.117631 -0.159724 -0.0292754 -0.0182449
internal_weight=1000.65 966.031 214.086 62.0262 34.6148 751.946 127.778 624.168 496.633 97.2913 22.0269 152.059 23.5183 233.86 12.7983 12.2761 21.8165 1.62233 19.5431 6.0954 4.44779 6.92753 3.65297 11.176 5.33599 2.98097 57.7098 15.2409
internal_count=935 527 294 129 408 233 126 107 81 100 114 165 131 55 157 128 251 55 233 79 76 116 81 102 47 67 82 135
is_linear=0
shrinkage=0.05


Tree=14
num_leaves=24
num_cat=0
split_feature=0 2 2 7 0 21 20 0 6 20 0 0 20 19 20 22 2 0 0 0 2 0 6
split_gain=58.8341 29.18 20.7908 13.8615 11.8717 9.66504 30.6897 19.3865 7.78219 6.74752 33.7989 6.22639 5.93369 4.83007 4.06525 2.3296 2.19704 1.6234 1.4744 2.71116 0.429364 0.0637568 0.000380086
threshold=1.5000000000000002 1.5000000000000002 1.0000000180025095e-35 1.0000000180025095e-35 4.5000000000000009 1.0000000180025095e-35 2.5000000000000004 3.5000000000000004 1.0000000180025095e-35 2.5000000000000004 2.5000000000000004 3.5000000000000004 1.5000000000000002 1.0000000180025095e-35 3.5000000000000004 1.0000000180025095e-35 3.5000000000000004 4.5000000000000009 2.5000000000000004 3.5000000000000004 3.5000000000000004 2.5000000000000004 1.0000000180025095e-35
decision_type=2 2 2 2 2 2 2 2 2 2 2 2 2 2 2 2 2 2 2 2 2 2 2
left_child=2 3 22 9 8 6 7 12 14 10 -2 21 -3 -4 18 -9 -7 -8 -5 -20 -15 -10 -1
right_child=1 5 13 4 -6 16 17 15 11 -11 -12 -13 -14 20 -16 -17 -18 -19 19 -21 -22 -23 -24
leaf_value=-0.032695864619015635 0.012739509419747039 0.016254478784749692 -0.19382013050217245 -0.018975527433490638 0.0037049105596543412 0.026120970753125795 0.018928387474941355 -0.027611779572354736 -0.18674111704395713 -0.0012139955274385115 -0.061283920529719739 -0.041537078608246666 -0.0068356813790129718 -0.092129120527992769 -0.10472944674331186 -0.014076024323184206 0.014078612421612839 0.012060522787915596 -0.08127314251697107 -0.011418015045703604 -0.11174968864852695 -0.17075491139929516 -0.03311550555280493
leaf_weight=9.7814309345558286 33.48813722608611 67.593125466257334 1.6223280535778002 5.0878723529167527 7.9721970558166495 70.072803013026714 145.44781065313146 70.64188996469602 1.3185923015698782 126.29437610390596 28.582342936191708 1.223328988067806 47.289110541343689 5.8400109731592238 2.9597572907805434 57.793248715810478 82.429025026038289 210.67856100946665 3.7793103607837111 2.1961110532283783 5.3359909607097507 1.1835028191562742 12.035060497466475
leaf_count=170 20 28 55 72 1 13 48 35 24 32 32 7 37 55 4 16 36 20 62 6 47 34 81
internal_value=0.00144148 0.00373647 -0.062607 -0.0125496 -0.0469798 0.00837326 0.00551407 -0.0081729 -0.0697462 -0.00784826 -0.021347 -0.133981 0.00674985 -0.1132 -0.0526812 -0.021521 0.0196119 0.0148655 -0.0387567 -0.0555997 -0.101497 -0.17918 -0.0329274
internal_weight=1000.65 966.031 34.6148 214.086 25.7207 751.946 599.444 243.317 17.7485 188.365 62.0705 3.72542 114.882 12.7983 14.0231 128.435 152.502 356.126 11.0633 5.97542 11.176 2.5021 21.8165
internal_count=935 527 408 294 210 233 184 116 209 84 52 65 65 157 144 51 49 68 140 68 102 58 251
is_linear=0
shrinkage=0.05


Tree=15
num_leaves=24
num_cat=0
split_feature=0 5 7 18 19 2 20 22 2 2 6 6 5 20 2 20 0 20 0 2 6 2 0
split_gain=60.6372 15.1687 21.7788 50.4263 25.6063 19.0254 15.9805 12.2562 10.8598 9.15622 6.38359 6.18256 1.884 3.14418 1.53765 1.47029 0.145807 0.136807 0.0741075 0.0606628 0.0558044 0.0381139 0.0191595
threshold=1.5000000000000002 1.0000000180025095e-35 1.0000000180025095e-35 1.0000000180025095e-35 1.0000000180025095e-35 1.5000000000000002 1.0000000180025095e-35 1.0000000180025095e-35 3.5000000000000004 4.5000000000000009 1.0000000180025095e-35 1.0000000180025095e-35 1.0000000180025095e-35 2.5000000000000004 1.0000000180025095e-35 1.5000000000000002 2.5000000000000004 1.5000000000000002 2.5000000000000004 2.5000000000000004 1.0000000180025095e-35 3.5000000000000004 2.5000000000000004
decision_type=2 2 2 2 2 2 2 2 2 2 2 2 2 2 2 2 2 2 2 2 2 2 2
left_child=7 2 4 6 9 11 10 12 15 -2 16 -3 21 -14 20 -7 -4 -16 -6 -20 -9 -1 -12
right_child=1 5 3 -5 18 8 -8 14 -10 -11 22 -13 13 -15 17 -17 -18 -19 19 -21 -22 -23 -24
leaf_value=-0.098821065985100862 0.0057235185351519509 -0.0019228229090303929 -0.049039619013772191 -0.13413742403801168 -0.021958139288090494 0.024521927259821417 -0.0036590229834682999 -0.046150375897596921 0.0039512438611767706 0.046990675478178992 -0.1535521690033991 -0.021735386269846464 -0.20946816135527802 -0.091046805611186568 -0.07967081250781563 0.015452597948590894 -0.06199228172502274 -0.11049273172465507 -0.023925620843084434 -0.02873825653866165 -0.040681846976850428 -0.10555069098643395 -0.16429400536863101
leaf_weight=3.8747072424739617 26.3639580628369 114.27792700775899 5.7074729262385482 10.463834775146095 18.401269150432199 94.14679318247363 50.845925807021558 8.8721314796712285 240.08271426893771 27.422837853431702 0.73148844717070527 60.07503203349188 1.19527856435161 1.0554673185106367 0.65400837315246352 85.065893846796826 3.5082037560641766 0.80091709876433015 14.561101358383896 11.898173384368418 9.838455504970625 4.6039420501329005 0.95978786237537861
leaf_count=48 50 38 72 35 25 19 28 164 64 2 20 28 33 18 20 25 58 30 15 28 75 19 27
internal_value=-0.00142219 0.00135302 -0.0117748 -0.0326382 0.00349871 0.00513146 -0.0154394 -0.0700964 0.0109035 0.0267633 -0.0703572 -0.00874944 -0.11327 -0.153936 -0.047125 0.020217 -0.0539704 -0.0966379 -0.024395 -0.0260898 -0.0432749 -0.102475 -0.159648
internal_weight=795.407 764.512 170.864 72.2167 98.6473 593.648 61.7529 30.8949 419.295 53.7868 10.907 174.353 10.7294 2.25075 20.1655 179.213 9.21568 1.45493 44.8605 26.4593 18.7106 8.47865 1.69128
internal_count=941 534 360 240 120 174 205 407 108 52 177 66 118 51 289 44 130 50 68 43 239 67 47
is_linear=0
shrinkage=0.05


Tree=16
num_leaves=28
num_cat=0
split_feature=1 3 20 1 3 3 7 20 21 19 3 3 22 1 6 20 1 5 20 22 3 3 5 20 3 6 20
split_gain=54.7251 31.6461 201.489 29.3205 17.3269 11.587 11.5705 11.1284 9.00768 8.63126 9.912 6.69645 6.44188 25.6185 21.1856 17.1066 2.64873 2.12144 4.64443 1.43963 3.35221 1.88728 0.9851 1.97511 0.332922 0.340633 0.0525707
threshold=1.0000000180025095e-35 3.5000000000000004 2.5000000000000004 3.5000000000000004 5.5000000000000009 2.5000000000000004 1.0000000180025095e-35 1.5000000000000002 1.0000000180025095e-35 1.0000000180025095e-35 4.5000000000000009 4.5000000000000009 1.0000000180025095e-35 3.5000000000000004 1.0000000180025095e-35 3.5000000000000004 1.5000000000000002 1.0000000180025095e-35 2.5000000000000004 1.0000000180025095e-35 3.5000000000000004 1.5000000000000002 1.0000000180025095e-35 1.5000000000000002 1.0000000180025095e-35 1.0000000180025095e-35 1.0000000180025095e-35
decision_type=2 2 2 2 2 2 2 2 2 2 2 2 2 2 2 2 2 2 2 2 2 2 2 2 2 2 2
left_child=7 5 3 8 11 6 16 19 9 10 -3 -4 13 15 -14 -7 -2 -9 -19 20 -1 24 23 26 -21 -26 -8
right_child=1 2 4 -5 -6 12 22 17 -10 -11 -12 -13 14 -15 -16 -17 -18 18 -20 21 -22 -23 -24 -25 25 -27 -28
leaf_value=-0.16100009431758139 0.017583409396812407 -0.18672868218896016 -0.038116907099568283 -0.22566728928629642 0.011406797488878802 -0.042737958765398397 -0.034659641329456335 -0.097721371541282603 -0.057185941109637851 -0.066195000815465851 -0.075197508755470543 -0.0063033730330327754 0.022396350037668298 0.029129684546400469 -0.021525658297001749 -0.0028325809622870052 0.030166678425066984 -0.23813665691243827 -0.094660439037476007 -0.049151524071897476 -0.025006351138331391 -0.084637212800681899 0.0043532175653850412 -0.0024647317870561221 -0.042946135230565237 -0.026316832399880391 -0.026303807055786027
leaf_weight=0.85348121065181348 91.025859286310151 7.2202675547450834 26.821568740997463 7.5888364224228999 157.38438421301544 40.744249768322334 5.2608834390994179 7.3641420402564091 5.7407298306934527 3.6615301733836523 2.7511320668272674 43.154515114147216 98.041644088923931 41.579580616671592 38.133258640300483 78.787358591333032 77.364914977923036 0.94294619793072376 1.4036944990511981 3.9975915269460573 0.96604832634329796 2.3152484584134063 16.584110680036247 19.736451941076666 4.9785108536016187 8.0732445188332349 2.9311375766992569
leaf_count=39 35 40 38 24 17 54 59 53 15 29 34 21 45 11 30 12 39 22 27 90 7 32 11 13 85 52 7
internal_value=-0.00135108 0.00128537 -0.0131229 -0.142358 0.00220301 0.0084677 0.0173717 -0.0665916 -0.109725 -0.131849 -0.155957 -0.0184974 0.00209103 -0.00467564 0.0100968 -0.016435 0.0233646 -0.110914 -0.152313 -0.0462744 -0.0887965 -0.0422789 -0.00529943 -0.0110312 -0.0365268 -0.03266 -0.0316699
internal_weight=795.407 764.512 254.323 26.9625 227.36 510.189 212.903 30.8949 19.3737 13.6329 9.9714 69.9761 297.286 161.111 136.175 119.532 168.391 9.71078 2.34664 21.1841 1.81953 19.3646 44.5126 27.9285 17.0493 13.0518 8.19202
internal_count=941 534 218 142 76 316 164 407 118 103 74 59 152 77 75 66 74 102 49 305 46 259 90 79 227 137 66
is_linear=0
shrinkage=0.05


Tree=17
num_leaves=28
num_cat=0
split_feature=0 3 20 0 3 3 7 20 10 6 3 22 0 6 20 20 0 5 20 22 3 3 5 20 3 6 20
split_gain=49.3894 28.5606 181.844 26.4617 15.6375 10.4573 10.4424 10.0433 8.56202 18.166 6.04355 5.8138 23.1207 19.1201 15.4387 4.40685 2.39048 1.9146 4.1916 1.29927 3.02537 1.70327 0.889053 1.78254 0.300462 0.307421 0.047445
threshold=1.5000000000000002 3.5000000000000004 2.5000000000000004 4.5000000000000009 5.5000000000000009 2.5000000000000004 1.0000000180025095e-35 1.5000000000000002 1.0000000180025095e-35 1.0000000180025095e-35 4.5000000000000009 1.0000000180025095e-35 4.5000000000000009 1.0000000180025095e-35 3.5000000000000004 1.5000000000000002 2.5000000000000004 1.0000000180025095e-35 2.5000000000000004 1.0000000180025095e-35 3.5000000000000004 1.5000000000000002 1.0000000180025095e-35 1.5000000000000002 1.0000000180025095e-35 1.0000000180025095e-35 1.0000000180025095e-35
decision_type=2 2 2 2 2 2 2 2 2 2 2 2 2 2 2 2 2 2 2 2 2 2 2 2 2 2 2
left_child=7 5 3 8 10 6 16 19 9 15 -4 12 14 -13 -7 -3 -2 -9 -19 20 -1 24 23 26 -21 -26 -8
right_child=1 2 4 -5 -6 11 22 17 -10 -11 -12 13 -14 -15 -16 -17 -18 18 -20 21 -22 -23 -24 -25 25 -27 -28
leaf_value=-0.15295009354708874 0.016704238632563064 -0.1505724887739972 -0.036211062042870411 -0.21438392947071785 0.010836456813737523 -0.04060106091495945 -0.032926655884629417 -0.092835305617658848 -0.16295766996974159 0.010767933795527882 -0.0059882011620721867 0.02127653308548302 0.027673200174721753 -0.020449375538213625 -0.002690952024578093 -0.087208575147426026 0.028658344869318876 -0.22622982203591357 -0.089927419389327551 -0.046693944335881032 -0.023756032942729169 -0.080405353585388264 0.0041355562743579958 -0.0023414952494920835 -0.040798827099227858 -0.025000992312865195 -0.024988615330385096
leaf_weight=0.85348121065181348 91.025859286310151 5.2734955591149681 26.821568740997463 7.5888364224228999 157.38438421301544 40.744249768322334 5.2608834390994179 7.3641420402564091 4.7015414042398325 3.6779361036606124 43.154515114147216 98.041644088923931 41.579580616671592 38.133258640300483 78.787358591333032 5.7206865586340427 77.364914977923036 0.94294619793072376 1.4036944990511981 3.9975915269460573 0.96604832634329796 2.3152484584134063 16.584110680036247 19.736451941076666 4.9785108536016187 8.0732445188332349 2.9311375766992569
leaf_count=39 35 49 38 24 17 54 59 53 21 35 21 45 11 30 12 13 39 22 27 90 7 32 11 13 85 52 7
internal_value=-0.00128353 0.0012211 -0.0124667 -0.13524 0.00209286 0.00804431 0.0165031 -0.063262 -0.104239 -0.0854227 -0.0175725 0.00198648 -0.00444186 0.00959197 -0.0156132 -0.117602 0.0221964 -0.105368 -0.144698 -0.0439606 -0.0843567 -0.040165 -0.00503446 -0.0104797 -0.0347004 -0.031027 -0.0300864
internal_weight=795.407 764.512 254.323 26.9625 227.36 510.189 212.903 30.8949 19.3737 14.6721 69.9761 297.286 161.111 136.175 119.532 10.9942 168.391 9.71078 2.34664 21.1841 1.81953 19.3646 44.5126 27.9285 17.0493 13.0518 8.19202
internal_count=941 534 218 142 76 316 164 407 118 97 59 152 77 75 66 62 74 102 49 305 46 259 90 79 227 137 66
is_linear=0
shrinkage=0.05


Tree=18
num_leaves=28
num_cat=0
split_feature=0 3 20 0 3 3 7 20 10 20 2 18 3 2 2 5 20 0 22 3 3 2 2 22 2 3 2
split_gain=44.5739 25.776 164.114 23.8817 14.1128 9.43769 9.42428 9.06412 7.72722 8.54583 7.33696 20.1207 5.4543 5.13506 4.42752 1.72792 3.78292 1.39463 1.17259 2.7304 1.5372 0.920184 7.85606 0.910252 0.374474 0.271167 0.0429556
threshold=1.5000000000000002 3.5000000000000004 2.5000000000000004 4.5000000000000009 5.5000000000000009 2.5000000000000004 1.0000000180025095e-35 1.5000000000000002 1.0000000180025095e-35 1.5000000000000002 4.5000000000000009 1.0000000180025095e-35 4.5000000000000009 2.5000000000000004 1.5000000000000002 1.0000000180025095e-35 2.5000000000000004 3.5000000000000004 1.0000000180025095e-35 3.5000000000000004 1.5000000000000002 3.5000000000000004 2.5000000000000004 1.0000000180025095e-35 2.5000000000000004 1.0000000180025095e-35 3.5000000000000004
decision_type=2 2 2 2 2 2 2 2 2 2 2 2 2 2 2 2 2 2 2 2 2 2 2 2 2 2 2
left_child=7 5 3 8 12 6 14 18 9 17 11 13 -4 23 -2 26 -17 -3 19 -1 25 22 -8 -7 -16 -20 -9
right_child=1 2 4 -5 -6 10 21 15 -10 -11 -12 -13 -14 -15 24 16 -18 -19 20 -21 -22 -23 -24 -25 -26 -27 -28
leaf_value=-0.14530258424839779 0.033987524414128417 -0.098954546009494576 -0.034400508990727857 -0.20366473485612424 0.01029463450605494 -0.013879761422740215 -0.057357853183214881 -0.083210679803214518 -0.15480979299667016 -0.046101763714373988 0.013593440953385575 0.0071941445482047867 -0.0056887929924780405 -0.052401420935797006 0.012759128093643372 -0.21491833467616428 -0.085431047200302854 -0.14456908700235838 -0.044359251885089573 -0.022568232251211056 -0.076385084553784469 0.0017908861569635192 0.0090251223979632856 -0.028132796416946906 0.018390740768318575 -0.029475630700692756 -0.091120108219888515
leaf_weight=0.85348121065181348 47.675996685167775 3.2194589651189798 26.821568740997463 7.5888364224228999 157.38438421301544 32.207786172395572 6.6168657580856243 2.7248055767267925 4.7015414042398325 7.9581192284822464 92.294973684474826 140.79446512227878 43.154515114147216 14.813558153808115 51.430847886949778 0.94294619793072376 1.4036944990511981 3.494540027808398 3.9975915269460573 0.96604832634329796 2.3152484584134063 24.242519931867719 13.653197946958244 17.175308572594076 69.283929692115635 13.051755372434855 4.6393364635296166
leaf_count=39 17 69 38 24 17 22 71 31 21 22 28 36 21 9 24 22 27 6 90 7 32 10 9 57 33 137 22
internal_value=-0.00121935 0.00116005 -0.0118434 -0.128478 0.00198822 0.0076421 0.015678 -0.0600989 -0.0990267 -0.0811516 0.00188715 -0.00338347 -0.0166939 -0.026582 0.0210866 -0.1001 -0.137463 -0.122696 -0.0417626 -0.0801389 -0.0381567 -0.00478273 -0.0126446 -0.0188369 0.0159914 -0.0329654 -0.0881935
internal_weight=795.407 764.512 254.323 26.9625 227.36 510.189 212.903 30.8949 19.3737 14.6721 297.286 204.991 69.9761 64.1967 168.391 9.71078 2.34664 6.714 21.1841 1.81953 19.3646 44.5126 20.2701 49.3831 120.715 17.0493 7.36414
internal_count=941 534 218 142 76 316 164 407 118 97 152 124 59 88 74 102 49 75 305 46 259 90 80 79 57 227 53
is_linear=0
shrinkage=0.05


Tree=19
num_leaves=28
num_cat=0
split_feature=0 3 0 3 10 3 7 22 19 2 21 6 2 21 3 3 0 0 6 2 2 2 3 6 2 4 3
split_gain=40.228 23.2628 89.0447 14.9729 14.5273 8.51752 8.50541 8.19506 8.14859 6.6216 28.333 10.8483 3.99584 3.77378 2.51985 2.16846 2.08676 2.67195 1.28235 0.830466 7.0901 0.386173 0.24387 0.275453 0.0442325 0.0129885 0.00468315
threshold=1.5000000000000002 3.5000000000000004 4.5000000000000009 6.5000000000000009 1.0000000180025095e-35 2.5000000000000004 1.0000000180025095e-35 1.0000000180025095e-35 1.0000000180025095e-35 4.5000000000000009 1.0000000180025095e-35 1.0000000180025095e-35 1.5000000000000002 1.0000000180025095e-35 1.5000000000000002 1.5000000000000002 3.5000000000000004 2.5000000000000004 1.0000000180025095e-35 3.5000000000000004 2.5000000000000004 3.5000000000000004 1.0000000180025095e-35 1.0000000180025095e-35 4.5000000000000009 1.0000000180025095e-35 4.5000000000000009
decision_type=2 2 2 2 2 2 2 2 2 2 2 2 2 2 2 2 2 2 2 2 2 2 2 2 2 2 2
left_child=7 5 4 -4 8 6 12 14 13 10 11 -7 -2 16 21 22 17 -3 -14 20 -8 -1 -9 -24 -16 -17 -19
right_child=1 2 3 -5 -6 9 19 15 -10 -11 -12 -13 18 -15 24 25 -18 26 -20 -21 -22 -23 23 -25 -26 -27 -28
leaf_value=-0.12291280314937465 0.032288149122014706 -0.040618341565630316 -0.014517717061969877 0.012480457979242127 -0.14744974738630681 -0.066846972726294959 -0.05448996170450518 -0.042141282565255851 -0.032029405406440545 0.012913769050114474 0.0082840294265395398 -0.01902911872632548 0.020056949736043068 -0.068675434880614214 -0.057759208121381703 -0.079660122979817782 -0.13910700437212717 -0.11945176574112999 0.0097330931185755695 0.0017013419920262282 0.0085738659697433602 -0.098489440503670755 -0.037285102048991957 -0.022340017849547512 -0.068135118212156537 -0.073113523762945914 -0.12395565875917013
leaf_weight=3.5666900976793858 47.675996685167775 1.7579542510211474 85.793120186077431 127.93360810913146 6.5303094042465082 16.889394527068362 6.6168657580856243 3.9975915269460573 11.60967285512015 92.294973684474826 148.26238004118204 39.839343452826142 63.827668365556747 14.660139543469995 2.4090255335904658 1.7618670403026035 3.6773160509765148 1.0049404376186433 56.887109213508666 24.242519931867719 13.653197946958244 2.9630836420692503 4.9785108536016187 8.0982676835265011 1.7905959021300075 1.3292753521818668 1.355903278570622
leaf_count=51 17 10 48 3 36 63 71 90 31 28 26 35 23 25 37 20 7 28 34 10 9 13 85 54 17 40 30
internal_value=-0.00115838 0.00110205 -0.0112512 0.00164298 -0.0791353 0.00725999 0.0148941 -0.0570939 -0.0660396 0.0017928 -0.0032143 -0.0332655 0.0200322 -0.0836226 -0.0923976 -0.0383101 -0.11173 -0.0872874 0.0151918 -0.0045436 -0.0120124 -0.11183 -0.0313337 -0.0280298 -0.0621832 -0.0768449 -0.122038
internal_weight=795.407 764.512 254.323 213.727 40.5962 510.189 212.903 30.8949 34.0659 297.286 204.991 56.7287 168.391 22.4563 10.7294 20.1655 7.79611 4.1188 120.715 44.5126 20.2701 6.52977 17.0744 13.0768 4.19962 3.09114 2.36084
internal_count=941 534 218 51 167 316 164 407 131 152 124 98 74 100 118 289 75 68 57 90 80 64 229 139 54 60 58
is_linear=0
shrinkage=0.05


Tree=20
num_leaves=22
num_cat=0
split_feature=4 3 20 1 1 7 5 3 20 19 1 19 3 3 1 3 6 1 6 6 3
split_gain=37.1764 12.4012 11.3707 52.3072 27.6224 14.2018 14.1783 14.0239 14.0056 8.46753 3.57179 2.73093 1.94771 1.6845 1.41344 3.33994 1.37284 1.13538 1.00295 0.594334 6.15875e-06
threshold=1.0000000180025095e-35 1.5000000000000002 2.5000000000000004 2.5000000000000004 2.5000000000000004 1.0000000180025095e-35 1.0000000180025095e-35 1.5000000000000002 3.5000000000000004 1.0000000180025095e-35 3.5000000000000004 1.0000000180025095e-35 2.5000000000000004 1.0000000180025095e-35 1.5000000000000002 3.5000000000000004 1.0000000180025095e-35 1.5000000000000002 1.0000000180025095e-35 1.0000000180025095e-35 4.5000000000000009
decision_type=2 2 2 2 2 2 2 2 2 2 2 2 2 2 2 2 2 2 2 2 2
left_child=1 13 3 6 8 -5 7 18 9 -4 -6 -8 -9 -1 16 -16 -3 -13 -2 -15 -17
right_child=2 14 4 5 10 -7 11 12 -10 -11 -12 17 -14 19 15 20 -18 -19 -20 -21 -22
leaf_value=-0.052289030729343544 -0.0013300470921154925 -0.12860598824314548 -0.079626430991095495 -0.041594922035036376 0.020809830930947057 -0.011116487134392457 0.0072913833700778393 -0.069872722371035992 -0.0032421099411683516 -0.025132350488783622 0.010219118341074761 0.015356573255880347 -0.034923251950146415 -0.005943977803744757 -0.045639982611686634 -0.12047974066959331 -0.080575707503367788 0.024958019547032986 0.012382821717024041 -0.030032466180927787 -0.12063826834315546
leaf_weight=4.5245608366094539 32.070313129108399 3.977844331180675 10.213778534438459 82.311333691934124 115.79670127481222 71.352596439421177 49.714235197752714 5.4933443064801422 80.438315051142126 23.598827268928289 254.76640538219362 51.486160217551515 14.532091566594316 6.235211986117065 3.557214806554839 1.0192817866336557 2.3766312915831804 76.596489173360169 22.823430263902992 4.3450799607671797 1.535784197039902
leaf_count=113 23 65 29 53 48 28 45 38 26 58 33 43 42 86 22 26 32 18 31 59 29
internal_value=-3.81868e-05 -0.0572198 0.00173089 -0.00443789 0.00690167 -0.0274425 0.00955006 -0.00869443 -0.0145922 -0.0415934 0.0135286 0.0172378 -0.0445105 -0.0267557 -0.0941305 -0.0769645 -0.110642 0.0210985 0.00437142 -0.0158366 -0.120575
internal_weight=918.766 27.5716 891.194 406.38 484.814 153.664 252.716 74.9192 114.251 33.8126 370.563 177.797 20.0254 15.1049 12.4668 6.11228 6.35448 128.083 54.8937 10.5803 2.55507
internal_count=947 432 515 321 194 81 240 134 113 87 81 106 80 258 174 77 97 61 54 145 55
is_linear=0
shrinkage=0.05


Tree=21
num_leaves=24
num_cat=0
split_feature=0 3 20 3 6 0 0 22 21 20 20 7 21 0 0 21 22 3 3 3 20 3 6
split_gain=35.3056 12.696 27.128 119.841 24.4164 21.3388 19.7328 16.1748 12.3949 15.4757 8.30031 5.30362 3.77233 3.22355 2.75898 1.39119 0.850686 1.98504 1.69003 0.713659 0.212508 0.148198 0.139291
threshold=1.5000000000000002 1.5000000000000002 2.5000000000000004 3.5000000000000004 1.0000000180025095e-35 3.5000000000000004 4.5000000000000009 1.0000000180025095e-35 1.0000000180025095e-35 1.5000000000000002 1.5000000000000002 1.0000000180025095e-35 1.0000000180025095e-35 4.5000000000000009 2.5000000000000004 1.0000000180025095e-35 1.0000000180025095e-35 3.5000000000000004 1.5000000000000002 1.0000000180025095e-35 1.5000000000000002 2.5000000000000004 1.0000000180025095e-35
decision_type=2 2 2 2 2 2 2 2 2 2 2 2 2 2 2 2 2 2 2 2 2 2 2
left_child=10 20 3 4 12 -4 7 -5 9 -9 16 -6 14 -7 21 -12 17 -1 19 -18 -2 -3 -21
right_child=1 2 5 6 11 13 -8 8 -10 -11 15 -13 -14 -15 -16 -17 18 -19 -20 22 -22 -23 -24
leaf_value=-0.1208198409699278 0.021222530750461807 0.010282701737952215 -0.012112060260259405 -0.041340437104354449 -0.025172708160439834 0.019769339794810589 -0.18385358924426476 -0.1136413426717152 -0.070307437443523899 -0.30075073122579377 -0.079827559698766648 -0.0067703001683347879 0.022816803797163471 0.009708162528607572 -0.0095561410027555586 -0.12484224322324081 -0.039704090203384168 -0.017353432745492586 -0.068416213929806943 -0.020272464481218624 0.016520280288849453 0.016311488008954836 -0.007893267911996368
leaf_weight=0.86242703883909122 48.418804500484839 37.756569682853296 111.3135241412092 9.0589680443517899 78.70579865667969 115.79670127481222 7.6531655697617671 2.5780846236739308 3.6914185378700495 1.9341871482320128 8.9775540069676918 77.909545957343653 57.684915223857388 254.76640538219362 21.064270802307874 2.1221150469500563 4.2055959838908139 1.0023258524015544 2.371191624784843 5.1927257403731346 47.695608608424664 13.963231382193042 4.0404958636499941
leaf_count=37 18 43 61 42 33 48 25 56 4 8 72 37 16 33 42 38 100 10 33 83 22 31 55
internal_value=-3.62772e-05 0.0017261 -0.000351815 -0.0118385 -0.00270936 0.00708543 -0.117025 -0.087398 -0.138257 -0.193846 -0.0545466 -0.0160183 0.0132667 0.0128522 0.00569778 -0.0884338 -0.0332656 -0.0652055 -0.0294984 -0.0226316 0.0188891 0.0119103 -0.0148553
internal_weight=918.766 889.991 793.877 312 287.084 481.877 24.9158 17.2627 8.20369 4.51227 28.7744 156.615 130.469 370.563 72.7841 11.0997 17.6748 1.86475 15.81 13.4388 96.1144 51.7198 9.23322
internal_count=947 519 479 337 202 142 135 110 68 64 428 70 132 81 116 110 318 47 271 238 40 74 138
is_linear=0
shrinkage=0.05


Tree=22
num_leaves=24
num_cat=0
split_feature=4 3 20 0 2 7 0 2 20 2 2 18 0 20 0 3 6 3 3 2 6 22 3
split_gain=31.9007 10.9557 9.10987 42.4841 31.0844 28.5626 22.4701 17.2134 12.4197 11.6232 11.1663 4.51922 4.59638 2.90727 1.42802 2.58367 1.40216 1.36917 1.21372 1.02465 0.5494 0.00302114 4.57996e-05
threshold=1.0000000180025095e-35 1.5000000000000002 2.5000000000000004 3.5000000000000004 3.5000000000000004 1.0000000180025095e-35 3.5000000000000004 3.5000000000000004 3.5000000000000004 4.5000000000000009 4.5000000000000009 1.0000000180025095e-35 2.5000000000000004 1.5000000000000002 2.5000000000000004 3.5000000000000004 1.0000000180025095e-35 1.0000000180025095e-35 1.5000000000000002 2.5000000000000004 1.0000000180025095e-35 1.0000000180025095e-35 4.5000000000000009
decision_type=2 2 2 2 2 2 2 2 2 2 2 2 2 2 2 2 2 2 2 2 2 2 2
left_child=1 17 3 7 5 -5 8 11 9 19 -8 13 -13 18 16 -16 -3 -1 -2 -4 -19 -9 -17
right_child=2 14 6 4 -6 -7 10 21 -10 -11 -12 12 -14 -15 15 22 -18 20 -20 -21 -22 -23 -24
leaf_value=-0.047389582955747203 0.020728690022833278 -0.12244783332631289 -0.075728558124463413 -0.11695160541231678 -0.011117646238688137 -0.030197995290698554 0.025296111784180605 -0.0206104442585094 -0.0024651690704919648 -0.0047333107124884685 0.0064530108699827095 0.0063822686968505434 0.036166930146415262 0.00012061605969802114 -0.042891459145474237 -0.1085390509085723 -0.073907434321840298 -0.0050143954191793488 0.0097598090181425599 -0.052693841895787866 -0.028174399967208615 -0.019766311397543822 -0.10897135550089805
leaf_weight=4.5245608366094539 47.306024904130027 3.977844331180675 9.4578497144393641 14.984560533659531 112.81537828501314 25.863991312682629 113.20659568998963 18.998960477299988 80.438315051142126 14.492913041263817 257.35651096701622 19.300966245122254 39.383732126094401 49.735280381981283 3.557214806554839 1.0192817866336557 2.3766312915831804 6.235211986117065 54.015267583774403 9.8618430476635677 4.3450799607671797 23.97583213634789 1.535784197039902
leaf_count=113 22 65 22 39 20 22 44 48 26 32 37 63 20 49 22 26 32 86 24 33 59 14 29
internal_value=-3.44635e-05 -0.0530036 0.00160429 -0.00391727 -0.0246496 -0.062022 0.00623255 0.00868901 -0.0131533 -0.0385799 0.0122096 0.0145958 0.026371 0.0100212 -0.0876966 -0.0704422 -0.104293 -0.0243698 0.0148811 -0.0639704 -0.0145257 -0.0201395 -0.108799
internal_weight=918.766 27.5716 891.194 406.38 153.664 40.8486 484.814 252.716 114.251 33.8126 370.563 209.741 58.6847 151.057 12.4668 6.11228 6.35448 15.1049 101.321 19.3197 10.5803 42.9748 2.55507
internal_count=947 432 515 321 81 61 194 240 113 87 81 178 83 95 174 77 97 258 46 55 145 62 55
is_linear=0
shrinkage=0.05


Tree=23
num_leaves=24
num_cat=0
split_feature=0 3 20 3 6 0 0 22 21 20 20 7 21 0 0 21 22 3 3 3 6 3 20
split_gain=30.5071 11.0449 22.2809 103.303 20.3989 17.2942 16.969 14.5256 10.6084 14.5689 7.70501 4.67352 2.97081 2.62868 2.39522 1.21331 0.832502 1.74611 1.38796 0.559151 0.152181 0.129143 0.0944019
threshold=1.5000000000000002 1.5000000000000002 2.5000000000000004 3.5000000000000004 1.0000000180025095e-35 3.5000000000000004 4.5000000000000009 1.0000000180025095e-35 1.0000000180025095e-35 1.5000000000000002 1.5000000000000002 1.0000000180025095e-35 1.0000000180025095e-35 4.5000000000000009 2.5000000000000004 1.0000000180025095e-35 1.0000000180025095e-35 3.5000000000000004 1.5000000000000002 1.0000000180025095e-35 1.0000000180025095e-35 2.5000000000000004 1.5000000000000002
decision_type=2 2 2 2 2 2 2 2 2 2 2 2 2 2 2 2 2 2 2 2 2 2 2
left_child=10 22 3 4 12 -4 7 -5 9 -9 16 -6 14 -7 21 -12 17 -1 19 -18 -21 -3 -2
right_child=1 2 5 6 11 13 -8 8 -10 -11 15 -13 -14 -15 -16 -17 18 -19 -20 20 -22 -23 -24
leaf_value=-0.11395658521507762 0.019168838219051486 0.0098881949248576569 -0.010875041984418979 -0.037281986080845847 -0.023024984679840238 0.017845492138155505 -0.17037436673298792 -0.10273279268049539 -0.066262678804906147 -0.28427742374865939 -0.075315664491929363 -0.0057502909147395496 0.020810955782757504 0.0087599517283298099 -0.0085937326076486464 -0.11735411777770516 -0.035361937890618068 -0.016916597646073995 -0.061741839351207584 -0.01902921387932361 -0.0060898839707880011 0.015516069022384669 0.016034769926787994
leaf_weight=0.86242703883909122 48.418804500484839 37.756569682853296 111.3135241412092 9.0589680443517899 78.70579865667969 115.79670127481222 7.6531655697617671 2.5780846236739308 3.6914185378700495 1.9341871482320128 8.9775540069676918 77.909545957343653 57.684915223857388 254.76640538219362 21.064270802307874 2.1221150469500563 4.2055959838908139 1.0023258524015544 2.371191624784843 5.1927257403731346 4.0404958636499941 13.963231382193042 47.695608608424664
leaf_count=37 18 43 61 42 33 48 25 56 4 8 72 37 16 33 42 38 100 10 33 83 55 31 22
internal_value=-3.27405e-05 0.0016055 -0.000332592 -0.0107426 -0.00226674 0.00640756 -0.108403 -0.0809284 -0.129125 -0.180552 -0.0507035 -0.0144316 0.0123359 0.0115991 0.00561906 -0.0833529 -0.0301998 -0.0617965 -0.0264731 -0.0202501 -0.0133669 0.0114076 0.0176136
internal_weight=918.766 889.991 793.877 312 287.084 481.877 24.9158 17.2627 8.20369 4.51227 28.7744 156.615 130.469 370.563 72.7841 11.0997 17.6748 1.86475 15.81 13.4388 9.23322 51.7198 96.1144
internal_count=947 519 479 337 202 142 135 110 68 64 428 70 132 81 116 110 318 47 271 238 138 74 40
is_linear=0
shrinkage=0.05


Tree=24
num_leaves=26
num_cat=0
split_feature=0 3 20 3 6 0 0 22 5 2 0 2 5 2 20 7 5 2 22 3 3 3 2 6 20
split_gain=27.5326 9.96799 20.1085 93.2314 18.41 15.608 15.3145 13.1094 10.6289 13.5137 14.4513 9.81948 9.68265 12.6151 6.95377 4.21785 1.31537 3.5791 0.751333 1.57586 1.25264 0.504633 0.230271 0.137343 0.0851975
threshold=1.5000000000000002 1.5000000000000002 2.5000000000000004 3.5000000000000004 1.0000000180025095e-35 3.5000000000000004 4.5000000000000009 1.0000000180025095e-35 1.0000000180025095e-35 4.5000000000000009 2.5000000000000004 4.5000000000000009 1.0000000180025095e-35 1.5000000000000002 1.5000000000000002 1.0000000180025095e-35 1.0000000180025095e-35 2.5000000000000004 1.0000000180025095e-35 3.5000000000000004 1.5000000000000002 1.0000000180025095e-35 3.5000000000000004 1.0000000180025095e-35 1.5000000000000002
decision_type=2 2 2 2 2 2 2 2 2 2 2 2 2 2 2 2 2 2 2 2 2 2 2 2 2
left_child=14 24 3 4 8 -4 7 -5 9 10 -3 -7 13 -9 18 -6 22 -18 19 -1 21 -20 -16 -23 -2
right_child=1 2 5 6 15 11 -8 12 -10 -11 -12 -13 -14 -15 16 -17 17 -19 20 -21 -22 23 -24 -25 -26
leaf_value=-0.10825875379826455 0.018210395483698433 -0.12280254821948576 -0.010331290344391788 -0.035417885860378244 -0.021873735419579057 0.023291109807890412 -0.16185564018674883 -0.10051140409651338 0.018738074450980916 0.045607427204293616 -0.01592013867328301 0.0056208936192644939 -0.065948037129543086 -0.2740470027993207 -0.062826130280892109 -0.0054627759534851637 -0.18813132624527695 -0.06265868483768515 -0.033593839427401934 -0.016070767773352271 -0.058654744553770836 -0.018077747855258338 -0.079154447881482765 -0.0057853890974683443 0.015233033899364071
leaf_weight=0.86242703883909122 48.418804500484839 4.0063560926355484 111.3135241412092 9.0589680443517899 78.70579865667969 113.20659568998963 7.6531655697617671 2.4499791173730046 105.05662017059512 6.3906646016985169 15.015346226282416 257.35651096701622 3.924576910212636 1.8291342821903525 4.7855287343263608 77.909545957343653 0.93834727560169939 1.4413898382335899 4.2055959838908139 1.0023258524015544 2.371191624784843 5.1927257403731346 3.934403205756098 4.0404958636499941 47.695608608424664
leaf_count=37 18 67 61 42 33 44 25 54 27 5 33 37 8 6 34 37 23 28 100 10 33 83 25 55 22
internal_value=-3.11035e-05 0.00152523 -0.000315963 -0.0102055 -0.0021534 0.00608718 -0.102983 -0.076882 0.0117191 -0.0172977 -0.0384317 0.0110191 -0.122669 -0.17469 -0.0481683 -0.01371 -0.0791852 -0.112133 -0.0286898 -0.0587067 -0.0251494 -0.0192376 -0.0701934 -0.0126986 0.0167329
internal_weight=918.766 889.991 793.877 312 287.084 481.877 24.9158 17.2627 130.469 25.4124 19.0217 370.563 8.20369 4.27911 28.7744 156.615 11.0997 2.37974 17.6748 1.86475 15.81 13.4388 8.71993 9.23322 96.1144
internal_count=947 519 479 337 202 142 135 110 132 105 100 81 68 60 428 70 110 51 318 47 271 238 59 138 40
is_linear=0
shrinkage=0.05


Tree=25
num_leaves=24
num_cat=0
split_feature=0 5 3 2 0 3 7 22 7 22 7 2 6 0 3 2 2 10 3 0 3 5 3
split_gain=19.4179 11.9816 44.0864 32.5916 23.3701 43.9113 44.9638 10.8895 7.7321 7.57989 4.82144 4.72124 4.61319 3.82359 12.0504 4.29513 3.3671 2.41233 1.45173 0.664051 0.131332 0.0532586 0.00106707
threshold=1.5000000000000002 1.0000000180025095e-35 3.5000000000000004 1.5000000000000002 2.5000000000000004 1.5000000000000002 1.0000000180025095e-35 1.0000000180025095e-35 1.0000000180025095e-35 1.0000000180025095e-35 1.0000000180025095e-35 2.5000000000000004 1.0000000180025095e-35 4.5000000000000009 3.5000000000000004 2.5000000000000004 4.5000000000000009 1.0000000180025095e-35 1.0000000180025095e-35 3.5000000000000004 1.5000000000000002 1.0000000180025095e-35 1.5000000000000002
decision_type=2 2 2 2 2 2 2 2 2 2 2 2 2 2 2 2 2 2 2 2 2 2 2
left_child=9 2 4 8 5 -2 -7 13 -4 11 17 21 18 14 15 -3 -8 -6 -11 -10 -13 -1 -14
right_child=1 7 3 -5 10 6 16 -9 19 12 -12 20 22 -15 -16 -17 -18 -19 -20 -21 -22 -23 -24
leaf_value=-0.14038947930473841 -0.00025801584606319721 0.0074991734796445182 0.00037860065563927945 -0.18405761450118463 0.011935583093094851 -0.31577038461051199 -0.087779408332820469 0.019011870200369471 -0.095191740967005445 0.021907996295963919 0.0010288870961669132 -0.062516164711796926 -0.044408721493956749 -0.0022030510014741668 0.025430992978577573 -0.0048554839434435436 -0.014017709223413175 0.031043680648831423 -0.013766467832964664 -0.06265293796576879 -0.049232987616857654 -0.15893957621348576 -0.04326804726326567
leaf_weight=0.65180629561655379 24.989013128448278 174.1427840795368 6.6079591130837816 5.3614063342101863 35.270517971366644 2.3628046091180277 4.7265938953496516 160.92378140380606 2.7717044034507126 5.1597636921796948 56.716930344235152 4.5842383997514844 7.2412444499786943 163.35130771598779 71.330893065081909 118.02834649384022 2.300025250762701 31.06570084579289 6.3753362933639437 3.6103939078748226 3.1322783622890711 0.95218243228737265 2.8600638639181852
leaf_count=31 25 35 13 36 38 32 85 32 61 89 45 27 60 32 43 30 5 10 113 4 39 24 28
internal_value=0.00325587 0.00465067 -0.00699907 -0.0803397 0.00155009 -0.0348966 -0.127084 0.00762812 -0.037532 -0.0356527 0.0117325 -0.0733487 -0.019414 0.00415103 0.00700645 0.00250826 -0.063635 0.020884 0.00219107 -0.0767843 -0.0571243 -0.151401 -0.0440858
internal_weight=894.517 863.56 175.783 18.3515 157.432 34.3784 9.38942 687.777 12.9901 30.9569 123.053 9.32051 21.6364 526.853 363.502 292.171 7.02662 66.3362 11.5351 6.3821 7.71652 1.60399 10.1013
internal_count=937 526 354 114 240 147 122 172 78 411 93 121 290 140 108 65 90 48 202 65 66 55 88
is_linear=0
shrinkage=0.05


Tree=26
num_leaves=25
num_cat=0
split_feature=0 5 3 2 0 3 7 7 21 20 0 7 20 6 2 7 2 10 3 7 0 3 3 3
split_gain=17.5247 10.8134 39.788 29.4139 21.0915 39.6299 40.5798 8.31276 23.3612 9.52948 37.6438 6.97822 6.77973 4.48857 4.47079 4.35135 3.03881 2.17713 1.66021 0.806676 0.599306 0.59346 0.146117 0.00666652
threshold=1.5000000000000002 1.0000000180025095e-35 3.5000000000000004 1.5000000000000002 2.5000000000000004 1.5000000000000002 1.0000000180025095e-35 1.0000000180025095e-35 1.0000000180025095e-35 2.5000000000000004 3.5000000000000004 1.0000000180025095e-35 1.5000000000000002 1.0000000180025095e-35 4.5000000000000009 1.0000000180025095e-35 4.5000000000000009 1.0000000180025095e-35 1.5000000000000002 1.0000000180025095e-35 3.5000000000000004 1.0000000180025095e-35 1.5000000000000002 1.5000000000000002
decision_type=2 2 2 2 2 2 2 2 2 2 2 2 2 2 2 2 2 2 2 2 2 2 2 2
left_child=12 2 4 11 5 -2 -7 9 -9 10 18 -4 13 21 -11 17 -8 -6 -3 -14 -13 -1 -23 -15
right_child=1 7 3 -5 15 6 16 8 -10 14 -12 20 19 23 -16 -17 -18 -19 -20 -21 -22 22 -24 -25
leaf_value=0.012605279687135387 -0.00024511516985385045 0.019976347771447731 0.00035967046289096219 -0.174854731631258 0.011338803372314143 -0.29998185617438444 -0.083390434448145784 0.0015103416205053538 0.038247478713389321 0.014055034741660453 -0.032240587948165936 -0.090432153777018756 -0.081900060263126656 -0.045446609781647412 0.0020772039622381868 0.00097744280608628021 -0.013316823956603352 0.029491498406743283 0.0077017792476777609 -0.046694886060055625 -0.05952029263843206 -0.0056523061448001564 -0.023235685378398045 -0.042460266314592356
leaf_weight=5.4276445386931336 24.989013128448278 52.813219398260117 6.6079591130837816 5.3614063342101863 35.270517971366644 2.3628046091180277 4.7265938953496516 105.98729146597907 73.133816027082503 191.3567076085601 75.498988339444622 2.7717044034507126 6.0906600125599635 7.5237002565991133 131.40202201344073 56.716930344235152 2.300025250762701 31.06570084579289 57.58506790548563 2.220308534335345 3.6103939078748226 5.71908589953091 1.4891480777878312 2.4863664698787034
leaf_count=101 25 5 13 36 38 32 85 19 33 31 32 61 77 70 17 45 5 10 35 22 4 90 25 26
internal_value=0.00309308 0.00441813 -0.00664912 -0.0763227 0.00147259 -0.0331518 -0.120729 0.00724672 0.0165098 0.00398475 -0.00503294 -0.0356554 -0.03387 -0.0196949 0.0091786 0.0111459 -0.0604532 0.0198398 0.0135738 -0.0724949 -0.0729451 0.000117885 -0.00928485 -0.0447048
internal_weight=894.517 863.56 175.783 18.3515 157.432 34.3784 9.38942 687.777 179.121 508.656 185.897 12.9901 30.9569 22.6459 322.759 123.053 7.02662 66.3362 110.398 8.31097 6.3821 12.6359 7.20823 10.0101
internal_count=937 526 354 114 240 147 122 172 52 120 72 78 411 312 48 93 90 48 40 99 65 216 115 96
is_linear=0
shrinkage=0.05


Tree=27
num_leaves=26
num_cat=0
split_feature=1 5 3 2 1 3 7 19 22 20 1 7 22 3 2 6 2 20 3 20 2 1 19 2 3
split_gain=15.816 9.75907 35.9087 26.5461 19.0351 35.766 36.6233 15.9643 8.95288 8.2661 34.4075 6.29784 6.27567 4.52151 4.34875 3.74126 2.74253 1.3463 1.227 0.942613 0.802502 0.540873 0.184776 0.15091 0.000845667
threshold=1.0000000180025095e-35 1.0000000180025095e-35 3.5000000000000004 1.5000000000000002 1.5000000000000002 1.5000000000000002 1.0000000180025095e-35 1.0000000180025095e-35 1.0000000180025095e-35 2.5000000000000004 2.5000000000000004 1.0000000180025095e-35 1.0000000180025095e-35 3.5000000000000004 2.5000000000000004 1.0000000180025095e-35 4.5000000000000009 1.5000000000000002 1.0000000180025095e-35 1.0000000180025095e-35 1.5000000000000002 2.5000000000000004 1.0000000180025095e-35 3.5000000000000004 1.5000000000000002
decision_type=2 2 2 2 2 2 2 2 2 2 2 2 2 2 2 2 2 2 2 2 2 2 2 2 2
left_child=12 2 4 11 5 -2 -7 20 9 10 22 -4 14 -11 17 18 -8 19 -14 -1 -6 -13 -3 -16 -17
right_child=1 8 3 -5 7 6 16 -9 -10 13 -12 21 15 -15 23 24 -18 -19 -20 -21 -22 -23 -24 -25 -26
leaf_value=-0.15204523767820394 -0.00023286015413794613 0.0099637776677692982 0.00034168758102122253 -0.1661119998688069 0.03746829012407956 -0.28498274820184527 -0.079220918601967769 -0.0055243664738777974 0.017206345068765644 0.00045510459685231178 -0.030805371176080693 -0.085910545544342243 0.020182335831666239 0.012851040599707883 -0.04628364163238316 -0.039906492104953437 -0.012650983406642648 -0.19005387795083212 -0.012614801066704755 -0.046744496287314856 0.025285323022485779 -0.056544278935151862 0.013830804390998049 -0.061484145504226387 -0.038891028945481222
leaf_weight=0.41615990712307549 24.989013128448278 59.652785736136138 6.6079591130837816 5.3614063342101863 24.39396353950724 2.3628046091180277 4.7265938953496516 68.344385076314211 160.92378140380606 111.6558875143528 75.843697638483718 2.7717044034507126 5.1597636921796948 215.63202462694608 5.3703354746103287 7.2412444499786943 2.300025250762701 0.75349960359744728 6.3753362933639437 0.43432921718340367 30.314800545573235 3.6103939078748226 64.068935838527977 2.3461812874302268 2.8600638639181852
leaf_count=21 25 21 13 36 35 32 85 46 32 28 36 61 89 32 23 60 5 11 113 23 12 4 23 43 28
internal_value=0.00293843 0.00419723 -0.00631666 -0.0725066 0.00139896 -0.0314942 -0.114693 0.0105886 0.00688438 0.00373161 -0.00428883 -0.0338727 -0.0321765 0.00862211 -0.0664765 -0.0174008 -0.0574306 -0.141387 0.00205568 -0.0982701 0.0307176 -0.0692979 0.0119663 -0.0509053 -0.039619
internal_weight=894.517 863.56 175.783 18.3515 157.432 34.3784 9.38942 123.053 687.777 526.853 199.565 12.9901 30.9569 327.288 9.32051 21.6364 7.02662 1.60399 11.5351 0.850489 54.7088 6.3821 123.722 7.71652 10.1013
internal_count=937 526 354 114 240 147 122 93 172 140 80 78 411 60 121 290 90 55 202 44 47 65 44 66 88
is_linear=0
shrinkage=0.05


Tree=28
num_leaves=24
num_cat=0
split_feature=0 5 0 6 7 19 2 0 6 22 22 2 0 2 6 18 2 2 2 2 0 2 5
split_gain=14.274 8.80756 11.2596 16.5473 8.4241 24.4632 13.9275 9.0252 9.5123 8.07998 5.66379 3.92475 3.76406 3.57902 3.37649 3.2382 2.74334 2.47353 1.47404 0.136196 0.109447 0.086718 0.0347013
threshold=1.5000000000000002 1.0000000180025095e-35 2.5000000000000004 1.0000000180025095e-35 1.0000000180025095e-35 1.0000000180025095e-35 4.5000000000000009 4.5000000000000009 1.0000000180025095e-35 1.0000000180025095e-35 1.0000000180025095e-35 2.5000000000000004 4.5000000000000009 3.5000000000000004 1.0000000180025095e-35 1.0000000180025095e-35 2.5000000000000004 1.0000000180025095e-35 1.0000000180025095e-35 3.5000000000000004 3.5000000000000004 2.5000000000000004 1.0000000180025095e-35
decision_type=2 2 2 2 2 2 2 2 2 2 2 2 2 2 2 2 2 2 2 2 2 2 2
left_child=10 2 3 16 5 -4 7 8 18 12 11 22 15 -7 -12 20 17 -2 -6 -13 -3 -5 -1
right_child=1 9 4 21 6 13 -8 -9 -10 -11 14 19 -14 -15 -16 -17 -18 -19 -20 -21 -22 -23 -24
leaf_value=-0.12542884703297041 -0.017121487882846047 0.010210065588737606 0.03239788227149807 -0.11589037268554699 -0.022880411911743802 -0.012887876718256659 0.0045910870379413877 -0.013922887017272349 -0.14706816691994232 0.016346028371723387 0.0019528968608572732 -0.043969459712694753 -0.0027593950858281163 -0.051706866860476208 -0.037638025988959253 -0.0014993082578274133 -0.0079777077619442253 -0.066173760963952277 -0.066312016451730724 -0.058409938204019463 0.0081872752078181246 -0.13043572216290489 -0.14040238132286337
leaf_weight=0.65180629561655379 5.6854154299944657 134.62539179902524 49.210246966220438 2.8511729119345537 3.665529242483899 14.623187717050316 42.214151374995708 12.30312079237774 3.312473354395479 160.92378140380606 11.535099985543638 5.3703354746103287 163.35130771598779 9.9968394432216865 10.10130831389688 96.003924484131858 21.448108793236315 4.6901703507173806 4.1830239896662533 2.3461812874302268 132.87270735530183 1.5996094373986123 0.95218243228737265
leaf_count=31 70 40 27 32 51 16 12 10 30 32 202 23 32 33 88 50 16 15 12 43 18 30 24
internal_value=0.0027915 0.00398737 -0.00600083 -0.0308174 0.000451884 0.0120403 -0.0125749 -0.0434581 -0.0760157 0.00654016 -0.0305677 -0.0631527 0.00354503 -0.0286501 -0.0165308 0.00637812 -0.0181882 -0.039295 -0.046028 -0.04836 0.0092053 -0.121118 -0.134318
internal_weight=894.517 863.56 175.783 36.2745 139.509 73.8303 65.6783 23.4641 11.161 687.777 30.9569 9.32051 526.853 24.62 21.6364 363.502 31.8237 10.3756 7.84855 7.71652 267.498 4.45078 1.60399
internal_count=937 526 354 163 191 76 115 103 93 172 411 121 140 49 290 108 101 85 63 66 58 62 55
is_linear=0
shrinkage=0.05


Tree=29
num_leaves=26
num_cat=0
split_feature=0 3 5 18 0 20 3 3 3 6 0 20 3 20 6 20 3 6 0 3 3 22 3 20 3
split_gain=12.8823 9.22445 15.9076 36.5684 30.0141 21.4863 17.6058 9.32273 18.2649 9.04728 5.64285 5.25871 5.13604 4.90483 6.07957 4.38703 11.3034 3.401 2.92017 2.82934 0.530693 0.460302 0.862779 0.133788 0.0058711
threshold=1.5000000000000002 1.5000000000000002 1.0000000180025095e-35 1.0000000180025095e-35 3.5000000000000004 2.5000000000000004 5.5000000000000009 3.5000000000000004 4.5000000000000009 1.0000000180025095e-35 4.5000000000000009 1.5000000000000002 6.5000000000000009 1.5000000000000002 1.0000000180025095e-35 3.5000000000000004 2.5000000000000004 1.0000000180025095e-35 4.5000000000000009 3.5000000000000004 2.5000000000000004 1.0000000180025095e-35 1.0000000180025095e-35 2.5000000000000004 1.5000000000000002
decision_type=2 2 2 2 2 2 2 2 2 2 2 2 2 2 2 2 2 2 2 2 2 2 2 2 2
left_child=11 -2 3 4 5 13 10 9 18 -4 15 17 -10 14 19 16 -5 21 -9 20 -3 -1 -23 -13 -19
right_child=1 2 7 6 -6 -7 -8 8 12 -11 -12 23 -14 -15 -16 -17 -18 24 -20 -21 -22 22 -24 -25 -26
leaf_value=-0.026615728445069171 0.01867577828661951 -0.032404530913775716 0.005585521290394713 -0.069594133318631887 0.012026989594670731 -0.17390119498466688 0.0039274315574415256 0.018607805393151971 -0.011434710622964131 -0.011163651120673541 -0.066691441945043659 -0.067479958642752788 0.0086623092781182125 -0.012233530088768084 -0.12494101590544369 -0.081303817431406786 -0.2135256445538245 -0.039021379723087141 0.03320918249083523 -0.087527468238156825 -0.0042451867919794479 0.019075572863146061 -0.0087018016166032375 -0.0539583649477339 -0.036218852513357068
leaf_weight=1.3752923618303636 92.85712990956381 4.851987547939645 248.96667233202606 2.2866587340831774 86.619189290329814 2.9743741960264733 5.1178529709577552 79.006631216965616 62.823446131078526 119.23988808691502 6.0966121605597428 5.5922074322588724 64.35942100873217 14.232159951236099 2.5027222172357151 3.0780263300985098 3.3809128482826054 7.5237002565991133 60.435067458311096 2.1775798737071455 2.5538302978966385 5.1597636921796948 6.1008224620018154 2.7187611146364361 2.4863664698787034
leaf_count=29 43 39 38 19 33 17 5 38 38 36 21 53 6 13 50 9 31 70 10 42 38 89 98 46 26
internal_value=0.00265193 0.003788 0.00199426 -0.0135329 -0.00276889 -0.0465207 -0.0760417 0.00531752 0.012438 0.000161475 -0.103616 -0.0290393 -0.00126485 -0.0321247 -0.0555479 -0.129357 -0.155455 -0.0165551 0.0249362 -0.0374258 -0.022694 0.000691119 0.00402619 -0.0630566 -0.0383253
internal_weight=894.517 863.56 770.703 135.872 115.912 29.2927 19.9601 634.831 266.625 368.207 14.8422 30.9569 127.183 26.3183 12.0861 8.7456 5.66757 22.6459 139.442 9.5834 7.40582 12.6359 11.2606 8.31097 10.0101
internal_count=937 526 483 317 232 199 85 166 92 74 80 411 44 182 169 59 50 312 48 119 77 216 187 99 96
is_linear=0
shrinkage=0.05


end of trees

feature_importances:
complexity_score=187
num_tables=137
query_depth=90
num_aggregate_funcs=85
has_order_by=51
has_group_by=38
transactional_pattern=32
has_limit=26
num_joins=20
analytical_pattern=20
has_outer_joins=18
has_numeric_heavy_ops=16
has_aggregates=8
has_text_operations=6

parameters:
[boosting: gbdt]
[objective: regression]
[metric: rmse]
[tree_learner: serial]
[device_type: cpu]
[data_sample_strategy: bagging]
[data: ]
[valid: ]
[num_iterations: 500]
[learning_rate: 0.05]
[num_leaves: 63]
[num_threads: -1]
[seed: 42]
[deterministic: 0]
[force_col_wise: 0]
[force_row_wise: 0]
[histogram_pool_size: -1]
[max_depth: -1]
[min_data_in_leaf: 20]
[min_sum_hessian_in_leaf: 0.001]
[bagging_fraction: 0.8]
[pos_bagging_fraction: 1]
[neg_bagging_fraction: 1]
[bagging_freq: 5]
[bagging_seed: 400]
[bagging_by_query: 0]
[feature_fraction: 0.8]
[feature_fraction_bynode: 1]
[feature_fraction_seed: 30056]
[extra_trees: 0]
[extra_seed: 12879]
[early_stopping_round: 0]
[early_stopping_min_delta: 0]
[first_metric_only: 0]
[max_delta_step: 0]
[lambda_l1: 0]
[lambda_l2: 0]
[linear_lambda: 0]
[min_gain_to_split: 0]
[drop_rate: 0.1]
[max_drop: 50]
[skip_drop: 0.5]
[xgboost_dart_mode: 0]
[uniform_drop: 0]
[drop_seed: 17869]
[top_rate: 0.2]
[other_rate: 0.1]
[min_data_per_group: 100]
[max_cat_threshold: 32]
[cat_l2: 10]
[cat_smooth: 10]
[max_cat_to_onehot: 4]
[top_k: 20]
[monotone_constraints: ]
[monotone_constraints_method: basic]
[monotone_penalty: 0]
[feature_contri: ]
[forcedsplits_filename: ]
[refit_decay_rate: 0.9]
[cegb_tradeoff: 1]
[cegb_penalty_split: 0]
[cegb_penalty_feature_lazy: ]
[cegb_penalty_feature_coupled: ]
[path_smooth: 0]
[interaction_constraints: ]
[verbosity: 1]
[saved_feature_importance_type: 0]
[use_quantized_grad: 0]
[num_grad_quant_bins: 4]
[quant_train_renew_leaf: 0]
[stochastic_rounding: 1]
[linear_tree: 0]
[max_bin: 255]
[max_bin_by_feature: ]
[min_data_in_bin: 3]
[bin_construct_sample_cnt: 200000]
[data_random_seed: 175]
[is_enable_sparse: 1]
[enable_bundle: 1]
[use_missing: 1]
[zero_as_missing: 0]
[feature_pre_filter: 1]
[pre_partition: 0]
[two_round: 0]
[header: 0]
[label_column: ]
[weight_column: ]
[group_column: ]
[ignore_column: ]
[categorical_feature: ]
[forcedbins_filename: ]
[precise_float_parser: 0]
[parser_config_file: ]
[objective_seed: 16083]
[num_class: 1]
[is_unbalance: 0]
[scale_pos_weight: 1]
[sigmoid: 1]
[boost_from_average: 1]
[reg_sqrt: 0]
[alpha: 0.9]
[fair_c: 1]
[poisson_max_delta_step: 0.7]
[tweedie_variance_power: 1.5]
[lambdarank_truncation_level: 30]
[lambdarank_norm: 1]
[label_gain: ]
[lambdarank_position_bias_regularization: 0]
[eval_at: ]
[multi_error_top_k: 1]
[auc_mu_weights: ]
[num_machines: 1]
[local_listen_port: 12400]
[time_out: 120]
[machine_list_filename: ]
[machines: ]
[gpu_platform_id: -1]
[gpu_device_id: -1]
[gpu_use_dp: 0]
[num_gpu: 1]

end of parameters

pandas_categorical:null
